23315904
23316073
23317204
23317261
23317287
23317347
23317437
23317726
23317731
23317917
23318002
23318528
23318622
23318715
23318920
23319324
23319429
23320546
23320598
23320780
23320798
23320829
23320892
23321129
23321342
23321652
23322029
23322187
23322390
23322656
23322914
23322919
23323651
23324126
23324253
23324439
23324474
23324856
23324938
23324941
23324952
23325063
23325286
23325287
23325439
23325440
23325745
23326819
23327051
23327068
23327567
23327719
23327723
23328390
23328868
23329427
23329532
23329535
23330571
23330768
23330895
23331066
23331377
23331537
23331613
23331814
23331871
23331952
23331974
23332022
23332037
23332112
23332188
23332198
19835472
19835706
19836257
19836268
19836799
19836963
19836976
19837206
19837320
19837509
19837634
19837684
19837790
19838440
19838742
19838758
19838950
19839252
19839289
19839739
19839821
19839834
19839895
19840132
19840303
19840534
19840585
19840593
19841004
19841100
19841112
19841360
19841988
19842002
19842784
19842878
19843329
19843639
19843727
19843841
19844200
19844653
19845423
19845711
19845840
19846052
19846211
19846323
19846420
19846585
19847137
19847279
19847640
19847670
19847722
19847728
19848096
19849693
19849768
19849854
19850072
19850399
19850404
19850491
19850570
19850594
19850668
19851267
19851423
19851438
19851466
19851696
19851815
19851818
19852665
19852701
19853353
19853699
19853748
19854034
19854402
19854472
19854477
19854582
19854705
19854730
19854748
19854760
19855258
19855297
19855981
19855983
19856050
19856433
19857707
19857758
19857777
19858388
19858412
19858700
19858728
19858806
19858952
19858979
19859644
19859884
19859994
19860360
19861009
19861218
19861590
19861742
19862479
19862540
19862654
19863292
19864081
19864309
19864343
19864913
19866239
27428220
27428536
27428679
27428680
27428681
27429024
27429033
27429348
27430321
27431210
27431598
27432213
27433906
27434178
27434225
27434359
27435165
27435174
27435353
27435695
27436018
27436025
27436028
27436228
27437055
27437703
27437763
27438006
27438032
27438069
27438659
27438781
27438789
27438793
27439654
27439751
27439914
27439923
27440713
27441401
27441474
27441570
27441577
27441597
27441755
27441999
27443348
27443620
27443758
27444658
27444815
27445066
27447136
27447413
27447547
27448222
27448266
27448573
27448796
27448848
27450240
27450386
27450694
27451069
27451382
27451873
27452410
27452925
27453453
27454152
27454190
27454332
27454616
27454788
27454839
27454886
27454908
27456006
27456218
27456506
27456516
27456959
27456975
27458062
15809486
15809505
15809539
15809787
15809788
15810472
15811103
15811104
15811161
15811180
15811201
15811763
15811766
15812209
15812253
15812461
15813764
15813837
15813874
15814606
15814921
15815205
15815795
15815889
15816020
15816451
15816454
15816462
15816588
15816589
15816595
15816955
15816971
15816996
15817656
15817918
15817994
15818034
15818656
15819286
15819655
15819729
15819734
15819837
15819975
15820244
15820266
15820282
15820453
15820562
15820596
15821119
15821184
15821470
15821500
15821810
15821939
15822042
15822121
15822733
15823064
15823969
15823974
15823994
15824014
15824055
15824077
15824500
15824522
15824544
15824655
15824658
15824660
15824747
15824914
15824941
15824944
15825025
15825038
15825580
15826341
15826512
15826747
15826759
15826764
15826846
15827690
15827695
15827696
15827774
15827792
15827814
15827819
15827921
15828462
15828703
15829746
15829836
15830056
15830062
15830311
15830396
15831106
15831652
15831694
15832039
15832048
15832099
15832250
15832432
15833258
15833511
15833719
15833750
15833988
15834272
15835098
15835228
15836523
15836688
15836750
15836856
15837263
15837886
15837890
15837939
15837969
15838408
15839110
15839870
15839872
15839915
15839932
15839967
15839984
15840014
15840173
15840466
15840623
15840736
24299285
24299424
24299444
24299921
24299930
24300162
24300320
24300322
24300443
24300748
24300989
24301519
24302587
24303850
24304126
24304214
24305508
24305520
24305597
24305923
24306123
24306164
24306424
24306663
24307340
24307473
24307825
24308511
24308605
24308642
24308697
24308804
24308873
24309235
24309617
24310051
24310445
24310446
24310455
24310990
24311393
24311466
24311892
24312174
24312192
24312516
24312708
24313862
24313901
24314103
24314271
24314315
24314319
24314334
24314360
24314887
24315152
24315186
24315304
24315312
24315504
24315883
24316001
24316055
24316116
24316724
24316892
24316945
24316949
24316954
24316955
24317286
24317287
24317343
24317722
24318040
24318731
24319039
24319083
24319854
24320110
24320166
24320433
24320704
24320787
24321223
24321266
24321400
24321695
24321702
24321877
24322063
24322177
24322187
24322349
24322801
24323687
24323908
24325267
24325290
24325349
24325639
24326010
24326018
24326029
24326153
24326179
24326885
24327371
24327469
24328497
24328826
24328937
24329026
24329481
24329498
24329538
24329573
24329675
24330099
24330113
24330114
24330251
24330323
24330466
24330502
24330688
24330750
24330753
20731793
20731973
20732493
20732495
20732628
20732683
20732769
20733272
20733276
20733298
20733430
20734054
20734344
20734347
20734672
20735857
20735907
20736253
20736416
20736487
20736679
20736801
20736862
20737303
20737572
20737608
20737818
20738058
20738209
20738750
20738753
20739381
20739788
20739845
20740339
21678288
21678840
21679078
21679187
21679194
21679227
21679257
21679287
21679999
21680121
21680679
21680866
21680909
21681061
21681134
21681156
21681777
21681849
21681872
21682112
21682175
21682578
21682986
21683210
21683374
21683391
21683474
21684070
21684176
21684389
21684475
21684585
21684620
21684653
21684786
21684826
21685145
21685540
21687926
21688006
21688114
21688913
21689097
21689121
21689320
21690452
21690607
21691767
21691879
21691910
21691924
21691997
21692019
21692046
21692059
21692066
21692259
21692797
21692870
21693206
21693219
21693357
21694567
21694586
21694589
21695700
21696057
21696252
21696335
21696567
21696724
21696808
21697178
21697267
21698501
21699603
21700150
21700374
21700456
21700757
21700820
21700921
21700937
21700979
21701019
21701238
21701391
21701872
21702069
21702242
21702253
21702870
21702871
21702894
21702905
21703109
21703132
21703202
21703668
21704294
21704299
21704300
21704991
21705091
21705479
21705649
21705784
21705788
21705903
21705951
21706197
21706204
21706238
21706289
21707472
21708000
21708010
21708016
21708250
21708367
21709018
26462554
26462683
26462960
26462976
26462989
26463445
26463599
26463865
26464337
26465127
26465706
26466149
26466387
26467002
26467165
26467342
26467372
26467456
26467551
26467580
26467644
26467762
26467861
26467902
26468408
26468632
26468793
26468851
26468951
26469300
26469542
26469715
26469796
26469887
26470011
26470028
26470697
26470742
26470801
26470825
26470928
26471452
26471690
26471842
26471955
26472197
26472218
26472565
26472585
26472587
26473326
26473443
26474230
26474236
26474430
26474764
26475404
26476149
26476700
26476976
26477009
26477482
26477828
26479285
26480048
26480313
26480863
26480879
26481122
26481741
26481765
26481926
26481934
26482456
26482473
26482516
26482784
26482821
26482901
26483263
26483417
26483858
26484517
26484853
26484948
26485247
26485556
26485622
26485670
26485756
26486453
26486995
26487203
26487580
26487650
26487655
26488148
26488168
26488178
26488204
26488317
26488611
26488771
26488831
26489709
26489744
26489842
26489844
26489987
26490054
26490099
26490659
26490730
26490878
26491128
26491808
26491851
26491853
26492292
26492383
26492453
26492456
26492490
26492559
26492988
26493213
16111952
16112180
16113030
16113382
16113572
16114203
16114985
16115582
16115590
16115594
16115603
16116319
16116530
16116591
16117750
16117810
16117832
16117883
16118299
16118302
16118308
16118333
16118584
16119161
16119431
16119754
16119785
16121637
16121775
16121777
16122150
16122186
16122434
16122451
16122483
16123092
16123098
16123180
16123313
16123545
16123553
16123564
16123572
16123822
16123876
16124163
16124204
16124982
16125066
16125254
16125514
16125873
16126132
16126259
16126324
16126779
16126876
16127107
16127509
16127511
16127563
16128374
16128860
16128936
16128969
16128970
16129078
16129254
16129255
16129630
16130846
16131532
16131989
16132886
16133071
16133077
16133127
16133773
16135001
16135472
16135480
16135587
16136343
16137270
16137401
16137512
16137798
16137997
16139156
16139348
16139697
16140084
16140225
16140226
16140397
16140452
16140510
16140645
16140676
16140695
16140714
16141130
16141459
16141505
16141717
16142042
16142138
16142553
16142554
16142762
16143040
16143184
16143238
7650466
7650502
7650563
7651634
7652679
7653489
7653687
7653699
7654922
7655203
7656283
7656624
7656631
7656737
7657011
7658261
7658265
7658523
7658544
7658605
7660509
7661163
7661235
7661299
7661417
7661419
7661829
7662202
7662627
7662628
7663627
7663656
7663909
7663996
7664018
7664439
7665439
7667490
7667549
7669164
7669306
7669383
7669387
7672142
7672885
7673012
7673024
7673593
7674464
7675386
7676338
7676341
7676971
7676981
7677263
7677447
7677492
7677539
8190481
8190572
8190590
8192007
8194695
8195025
8195912
8197567
8198090
8198091
8199829
8199833
8199995
8200787
8201148
8201715
8202983
8203422
8203434
8203686
8203693
8203971
8203974
8203989
8204035
8204332
8205018
8208037
8208479
8208961
8214230
8214751
8214831
8215753
8216982
8217177
8217970
8217973
8217976
8217977
8947822
8949323
8949326
8949644
8950587
8951132
8951140
8951209
8951759
8952772
8952787
8953957
8953959
8954002
8955469
8956388
8956396
8956702
8956708
8956742
8956955
8957360
8957465
8957495
8957498
8959165
8960949
8961119
8961204
8961444
8961448
8963843
8963854
8964072
8964404
8964960
8965459
8967589
8967602
8968700
8969369
8969778
8969779
8969856
8970502
8970767
8971296
8971826
8972653
8973067
8973704
8974550
8974873
8975842
8975848
8976215
8976235
8976248
8976255
8976259
8976262
8976283
8976838
8976847
8976914
8977063
21519715
21519762
21519986
21520104
21520133
21520211
21520610
21521005
21521038
21521308
21521353
21521884
21522050
21523497
21523511
21523766
21523882
21524177
21524233
21524650
21524878
21524968
21525737
21526872
21527042
21527213
21527360
21527403
21527574
21527764
21527844
21527906
21527907
21527908
21527909
21527964
21528390
21528393
21528465
21528471
21528626
21528657
21528666
21528667
21528833
21529769
21529776
21529779
21529828
21529971
21530116
21530120
21530194
21530330
21530350
21530408
21530731
21531176
21531390
21531412
21531690
21532071
21532475
21532962
21533128
21533238
21533521
21533570
21533783
21534222
21534449
21534733
21534823
21534881
21535006
21535034
21535135
21535151
21535996
21536367
21536403
21536620
21537864
21537866
21537941
21538192
21538296
21538311
21538820
21539064
21540049
21540205
21540478
21540768
21540780
21540778
21541731
21541770
21542401
21542430
21542449
21542527
21543150
21543350
21543526
21543547
21544016
21544158
21545196
21545244
21545379
21545380
21545469
21545641
21545703
21545714
21545900
21545911
21546376
21546403
21546434
21546742
21546787
21546790
21547404
21547421
21547470
21547524
21547872
21547895
21547980
21549378
21549852
21549914
21549916
21550063
17234825
17235509
17235717
17236735
17236846
17236853
17236856
17236918
17236926
17236993
17237496
17237686
17237692
17238943
17239220
17239958
17240143
17240233
17240244
17240377
17240416
17240720
17240738
17241211
17241422
17241503
17241831
17242052
17242102
17242107
17242331
17243021
17243951
17244136
17244137
17244180
17244384
17244396
17244964
17245060
17245147
17245778
17249858
17250539
17250579
17250745
17250779
17250781
17251280
17251609
17251611
17252242
17252588
17252883
17253105
17253337
17254322
17254933
17255138
17255180
17255566
17255738
17255861
17257156
17257274
17257472
17257959
17257983
17257986
17258094
17258340
17258958
17259505
17259507
17259904
17260317
17260490
17261213
17261478
17262180
17262797
17263601
17263602
17263931
17264202
17264700
17264810
17265117
17266748
17266766
17267099
17267233
17267307
8490480
8490819
8490831
8490838
8491003
8491934
8492400
8493001
8494066
8496420
8496459
8496531
8498431
8498696
8499817
8500719
8503994
8504513
8505458
8505785
8505786
8506548
8506885
8506890
8506894
8507073
8508403
8509090
8511704
8512100
8513928
8517565
8518240
8518640
8520237
8520334
8520339
26650423
26650715
26650823
26650875
26650913
26651157
26651283
26651828
26651846
26651995
26652034
26652591
26652696
26652869
26653269
26653683
26653895
26653987
26654106
26654349
26654663
26654693
26654760
26654834
26654897
26654945
26655019
26655173
26655493
26655543
26655617
26655852
26655919
26656015
26656036
26656047
26656140
26656197
26656776
26656841
26657162
26657277
26657822
26658384
26658755
26659451
26659588
26659834
26659898
26660039
26660880
26663519
26663574
26663730
26666894
26667004
26667012
26667030
26667152
26667471
26667792
26668086
26668349
26668415
26669760
26669916
26670109
26670358
26670473
26670596
26670719
26670910
26671226
26671424
26671629
26671737
26671835
26671953
26672104
26672701
26672793
26673176
26673844
26673849
26674163
26674982
26675095
26675774
26675940
26676492
26676502
26676720
26676737
26678002
26678404
26678643
26678980
26679136
26679346
26679496
26679715
26679934
26680040
26680076
26680402
26681187
26681193
26681234
26681546
26681679
26682683
25230126
25230256
25230560
25230856
25230900
25231371
25231598
25233157
25233161
25233166
25233192
25233193
25233233
25233494
25233955
25234099
25234405
25234504
25234525
25234580
25234592
25234748
25236343
25236666
25236991
25237000
25237464
25238026
25238050
25238425
25238470
25238618
25238804
25238837
25238859
25239127
25239241
25239252
25239283
25239292
25239335
25239355
25239361
25239395
25239424
25239554
25239582
25239730
25239965
25240123
25240250
25240612
25240899
25241073
25241155
25241184
25241223
25241660
25241757
25241915
25242233
25242339
25242460
25242516
25242564
25242755
25242785
25243354
25243500
25243520
25244437
25244882
25245132
25245325
25245476
25245503
25245520
25245530
25245557
25245577
25245665
25246281
25246337
25246487
25246604
25247805
25247853
25247921
25247947
25247950
25247961
25248060
25249141
25249148
25249338
25249403
25250402
25250813
25251255
25251541
25251641
25251863
25251938
25251958
25252097
25252481
25252635
25252884
25253183
25253211
25253299
25253653
25253706
25253716
25253827
25254269
25254489
25254617
25255032
25255033
25255258
25255414
25255707
25255742
25255844
25255984
25256130
25256437
25256879
25257121
25257199
25257755
25257779
25257807
25257856
25257912
25257921
25257978
25258016
25258089
25259663
25260052
25260130
25260384
25260400
25260422
25260443
25260605
25260684
25260686
25261141
25261296
25261316
25261662
25261666
25261671
10180379
10180387
10180841
10180842
10180872
10181144
10183419
10185372
10187198
10187199
10187201
10187866
10188740
10188857
10189040
10189449
10189459
10190378
10190654
10190668
10190832
10191445
10191446
10191447
10191841
10191895
10192124
10193032
10193172
10193550
10193812
10193839
10193879
10193964
10195030
10195048
10195664
10195717
10196855
10197288
10197573
10197651
10197671
10197675
10197840
10197843
10199020
10199021
10199222
10199297
10199308
10200750
10200808
10200918
10201064
10201336
10201460
10201631
10202063
10202219
10203087
10203122
10203304
10204555
10204966
10206198
10206565
10206606
10206930
10207235
10207550
10207553
10208203
10208674
10209710
10209798
10209800
10209801
9009028
9009937
9010402
9010403
9010893
9011930
9013168
9013242
9013919
9014715
9015026
9015036
9015083
9015087
9016421
9016964
9017547
9017617
9017942
9017951
9017953
9018186
9018210
9018215
9018642
9019964
9021788
9022116
9022490
9022653
9022744
9023621
9023809
9024110
9024299
9026097
9028360
9030782
9030786
9030793
9031783
9032532
9033247
9033301
9034253
9034469
9037233
9037338
9039448
9040137
9040200
9040203
9040326
1773191
1774050
1777457
1792447
1524266
1527287
1530037
1530200
1530806
1530808
1531572
1535419
1535568
1538862
1540363
1540364
1540435
1541137
1543180
1547164
1547174
1550174
27553595
27553602
27553613
27553795
27553805
27553968
27554268
27554420
27554513
27554616
27555127
27555212
27555437
27555513
27556232
27556384
27556600
27556606
27556651
27557551
27557655
27557850
27557910
27558007
27558398
27558509
27558784
27559023
27559971
27560009
27560020
27560134
27560720
27561167
27561210
27561331
27561640
27561821
27562683
27562974
27564280
27564284
27564294
27564322
27564540
27564580
27565083
27565466
27565889
27566018
27566040
27566057
27566098
27566594
27567308
27567358
27567375
27567573
27567610
27567989
27568009
27568019
27568031
27568119
27568185
27568845
27568851
27568869
27569594
27569921
27569933
27569953
27570161
27570859
27570912
27570993
27571312
27572676
27572685
27573531
27576210
27576456
27576466
27576886
27576929
27577028
27577067
27577521
27577590
27577883
27578559
27579518
27579838
27580157
27581162
27581474
27581500
27581549
27582090
27583107
27583461
27585197
27585422
27585493
27585658
27585769
27585806
27586037
26493851
26494694
26495787
26495941
26495956
26495967
26496419
26496491
26496658
26497607
26497882
26498138
26498230
26498374
26498398
26498747
26498760
26499104
26499381
26499785
26499786
26500134
26501709
26501882
26502012
26502182
26502873
26502944
26503238
26503499
26503610
26503735
26505802
26505834
26506401
26506450
26506557
26506566
26506682
26506699
26506799
26506925
26506982
26507174
26507526
26509299
26509349
26509871
26510080
26510408
26510563
26510620
26510703
26510711
26510846
26510922
26511004
26511117
26511335
26511599
26511631
26511765
26512435
26513147
26513149
26513335
26513726
26513727
26513883
26514114
26514122
26514141
26514171
26514215
26514221
26514321
26514407
26514488
26514493
26514717
26514739
26514849
26514951
26515202
26515278
26515421
26515632
26515802
26515805
26516151
26516674
26516733
26516904
26516950
26517001
26517230
26517433
26517541
26517543
