21355697
21355776
21356021
21356048
21356072
21356095
21356488
21356603
21356658
21357198
21357518
21357562
21357935
21357988
21358354
21358388
21358414
21358475
21358493
21358501
21358782
13678476
13678510
13678934
13679290
13679352
13679492
13679741
13679752
13680235
13680490
20972950
20973205
20974025
20974030
20974581
20974612
20975325
20975377
20975469
20975533
20975553
20975565
20975599
20975600
20975634
20976063
20976460
20976480
20976492
20976812
20976842
20976844
20977373
20977529
20977578
20977579
20977702
20978037
20978108
20978226
20978243
20978426
20979526
20979572
20979656
20980284
20980364
20980765
20980766
20980777
20980924
20981577
26587843
26587851
26587908
26587929
26588020
26588234
26588598
26588854
26589102
26589133
26589146
26589195
26589269
26589399
26589411
26589717
26590139
26590376
26590557
26590564
26590576
26590842
26590914
26592063
26592369
26592820
26593162
26593247
26593780
26594272
26594277
26594299
26595087
26595143
26595223
26595224
26595368
26595443
26596233
26597280
26597334
26597366
26597427
26597731
26597744
26597754
26598397
26598424
26598952
26599570
26599626
26599755
26600054
26600170
26600278
26600902
26601570
26601633
26601650
26601789
26602161
26602236
26602325
26602519
26602839
26603096
26603247
26603677
26604087
26605446
26605680
26605705
26605912
26606602
26606931
26607482
26607772
26607969
26607993
26608099
26608153
26608155
26608346
26608485
26608592
26608638
26608928
26608966
26609008
26609047
26610357
26610376
26611186
26611373
26611750
26611798
26611900
26612082
26612120
26612181
26612700
26613252
26613528
26614526
26615074
26615507
26615523
26615758
26616228
26616261
12074735
12075256
12075259
12075263
12075265
12075912
12076238
12076922
12076948
12077091
12077614
12078059
12078757
12078779
12078788
12079296
12079301
12079443
12079538
12079584
12079854
12080222
12080453
12080875
12081064
12081071
12081098
12081578
12081774
12081775
12082367
12082689
12082896
12082962
12083237
12086086
12086130
12086215
12086277
12087120
12087335
12087577
12088176
12089835
12090748
12090888
12091190
12091199
12092021
12093861
12093992
12094106
12094171
12094351
12094419
12094870
12094872
12095597
12095671
12096256
12096266
12097216
12097789
12097852
12098162
12098163
12099152
12099561
12099645
12099648
12099727
12100047
12100079
12100420
12100690
12100702
12100745
12100793
12100813
12100918
12100935
12101133
12101535
12101794
12102126
12102277
12102299
12103382
12103457
12103471
12103474
12104091
12105247
12105311
12106504
12106556
12106941
12107034
12107041
12107045
12107603
9754994
9755269
9756118
9757919
9757967
9758070
9758114
9758121
9759109
9761443
9761575
9762161
9762630
9762886
9763045
9763055
9763056
9763798
9764054
9764280
9764359
9764626
9764981
9765137
9765628
9766154
9766304
9766761
9766767
9767502
9767515
9767754
9767961
9768710
9768918
9768939
9769840
9770715
9771400
9771777
9772856
9772859
9772869
9773138
9773168
9773403
9773730
9773761
9773770
9774900
9775117
9775122
9775234
9775243
9776326
9776450
9776492
9776498
9776500
9776592
9777110
9777259
9777422
9777426
9778090
9779062
9779965
9781787
9782138
9782427
9783146
9783531
9783604
9783779
9783896
9783972
9784645
9784665
9784885
25926483
25926667
25926669
25927404
25927813
25927870
25927938
25928294
25928307
25928342
25928520
25929481
25929529
25929982
25930005
25930086
25930143
25930958
25930975
25931152
25931154
25931251
25931363
25932564
25932634
25933002
25933398
25934174
25934272
25934379
25934591
25935056
25935058
25935114
25935137
25935412
25935717
25935720
25936308
25936339
25936383
25936420
25936865
25936937
25936976
25937151
25937409
25937410
25938174
25938296
25938795
25938874
25939254
25939374
25939575
25939777
25939966
25940159
25940277
25940337
25940383
25940414
25940978
25940999
25941125
25941183
25943040
25943041
25943188
25943502
25943553
25943555
25943579
25943629
25943640
25943983
25944033
25944180
25944704
25945651
25946099
25946351
25946498
25946707
25946762
25946766
25946899
25947333
25948405
25948423
25948518
25948666
25949081
25950127
25950363
25950926
25951087
25951095
25951333
25951419
25951719
25951894
25951999
25952280
25952336
25952405
25952531
25952590
25952619
25952709
25953217
25953369
25953386
25953444
25953479
25953488
25953504
25953805
25953965
25954751
25954838
25955088
25955090
25955093
25955167
25955397
25956004
25956489
25956950
25956957
25956966
25957019
25957089
25957103
25957212
25957544
25957588
25957607
25957981
25958069
7620952
7621214
7622075
7624987
7626353
7627247
7629204
7629402
7629454
7631230
7631403
7631918
7632122
7632143
7633536
7634217
7634813
7634869
7634876
7634893
7634978
7635853
7636096
7636415
7636455
7636532
7638742
7639034
7639039
7639222
7639567
7641355
7641415
7641970
7644934
7645473
7645614
7645630
7647056
7647845
7649753
7649958
7649966
17394700
17394702
17394704
17394706
17394708
17394715
17394729
17394940
17394941
17394956
17395395
17395479
17396400
17396402
17397491
17397565
17398017
17398109
17398151
17398154
17398234
17398269
17398379
17399845
17400401
17400949
17401005
17401180
17401759
17402139
17402208
17402396
17402960
17403002
17403225
17403403
17403440
17403465
17403835
17403838
17405173
17405250
17405550
17405802
17406112
17406128
17406131
17406136
17406138
17406777
17407477
17407580
17407581
17407659
17407681
17408158
17408394
17408419
17408634
17408899
17409122
17409754
17409772
17409797
17409858
17409918
17409965
17410060
17410287
17410588
17411505
17411698
17411811
17412023
17412343
17412713
17412730
17412742
17412746
17413092
17413097
17413426
17413604
17414080
17414084
17414339
17414548
17414551
17414658
17414749
17414770
17415109
17415112
17415142
17415253
17415301
17415538
17415683
17415689
17416040
17416112
17416274
17416861
17417693
17418218
17418418
17418587
17418974
17419262
17419830
17420982
17425011
17425235
17425664
17425751
17426416
17426466
17426534
17426536
17426539
17427490
10695691
10696461
10696920
10697076
10697282
10698136
10699132
10699406
10699614
10699617
10699621
10700495
10700517
10701475
10701525
10701788
10702756
10703698
10703855
10703858
10704567
10705849
10705892
10706015
10706058
10707033
10708172
10708194
10708817
10708835
10709060
10709340
10709426
10709706
10710053
10710291
10711489
10711559
10712985
10713018
10713199
10714252
10714628
10714629
10714635
10714797
10715030
10715032
10715291
10715924
10716139
10716303
10716684
10717489
10717602
10717965
10718356
10718689
10718854
10719134
10719589
10719718
10721342
10721441
10722030
10722172
10722184
10723223
10723488
10723650
10723974
10724055
10724193
23138807
23138855
23138997
23139000
23140273
23140304
23140503
23140964
23141024
23141136
23141419
23141589
23141880
23141984
23142076
23142297
23142344
23142772
23143027
23143133
23143155
23143418
23143428
23143430
23143592
23143627
23143734
23143910
23143952
23144225
23145382
23145477
23145754
23145760
23145890
23145899
23146326
23146470
23146499
23146619
23146620
23146652
23146820
23146872
23146960
23147116
23147131
23147388
23147471
23147614
23147629
23147914
23148001
23148032
23148570
23149081
23149095
23149155
23149276
23149442
23149804
23149854
23151113
23151237
23151314
23151534
23151856
23151920
23152041
23152050
23152051
23152166
23152473
23152880
23152980
23153498
23153975
23154176
23154335
23154549
23154604
23154608
23155194
23155652
23155689
23155706
23157273
23157277
23157675
23158187
23158434
23158672
23158962
23158977
23159026
23159697
23159713
23159840
23159898
23160100
23160222
23160430
23160755
23160759
23160916
23161036
23161115
23161118
23161187
23162018
23162106
23163499
23163504
23164093
23164309
23164358
23164384
23164463
23164480
23164504
23164533
23165081
23165176
23165272
23165279
23165582
23167050
23167230
23167308
23167343
23167361
23167371
23167396
23167534
23167857
23168109
23168455
23168762
23168768
23169310
23169476
23169723
23169758
23169795
23169820
27036620
27036640
27036730
27036962
27036974
27036975
27036995
27037134
27037186
27037561
27038191
27038794
27038861
27038981
27039277
27039324
27039496
27039727
27040862
27041002
27041226
27041269
27041689
27042041
27042664
27042670
27043195
27043475
27043893
27043973
27044403
27044579
27044584
27045117
27045126
27045263
27045537
27045667
27045741
27045767
27046303
27046720
27046795
27048247
27048498
27048499
27048973
27049494
27049908
27050082
27050239
27050348
27050443
27050598
27050636
27050662
27050847
27050911
27051041
27051052
27051057
27051262
27052323
27052442
27052522
27052573
27053254
27053582
27054438
27054677
27054711
27055228
27055588
27055604
27055835
27055932
27056109
27056557
27056689
27058644
27058964
27059090
27059159
27059275
27059448
27060344
27060532
27060654
27060788
27060942
27061165
27061279
27061286
27061526
27061530
27061558
27061692
27061990
27062010
27062047
27062466
27062554
27062919
27062950
27062963
27063631
27063750
27063756
27063858
27064141
27064313
27064383
27064855
27066714
27066814
27066854
27067168
27067170
27067176
17138499
17139179
17139225
17139229
17139980
17140963
17140967
17140973
17141237
17141340
17141745
17141826
17142513
17142515
17142589
17143358
17143362
17143429
17143744
17143966
17144104
17144478
17144872
17145266
17145737
17146067
17146325
17146385
17146736
17147066
17147791
17147799
17148515
17148626
17149461
17149523
17149524
17149577
17149713
17149755
17149962
17151031
17151712
17151894
17152117
17152221
17152276
17152791
17152856
17154149
17154335
17154711
17155975
17156177
17156190
17156441
17156503
17156577
17157366
17157683
17158139
17158437
17158639
17159367
17159373
17159647
17159653
17159680
17160089
17160195
17160632
17160761
17160796
17160806
17161109
17161114
17161120
17161187
17161192
17161560
17161955
17162005
17162013
17162033
17162439
17162622
17163082
17163282
17163314
17163324
17163472
17164487
17164743
17164969
17165295
17166186
17166244
17166338
17166689
17166979
17167001
17167758
17168273
17168916
17169130
17169141
17169650
17169870
17170527
27686483
27686842
27687604
27688277
27688664
27689193
27690207
27690726
27692103
27692112
27692345
27692497
27692521
27692627
27692649
27692774
27693681
27693905
27693921
27693934
27694035
27694399
27694510
27694599
27694662
27695906
27695973
27696438
27696695
27696784
27697301
27697747
27697888
27698183
27698520
27699502
27699872
27700539
27701058
27701738
27701761
27701877
27704160
27705082
27707425
27707989
27709227
27709631
27710162
27711098
27712708
27712735
27712834
27714527
27714799
27716069
27716128
27716351
21423605
21424042
21424174
21424204
21424244
21424288
21426308
21426436
21426567
21426616
21427061
21427075
21427149
21427303
21427306
21427327
21427337
21427602
21427735
21428738
21429023
21429094
21429277
21429452
21429505
21429702
21429721
21430388
21430400
21430459
21431804
21431961
21431966
21432773
21432795
21433021
21434968
21435073
21435093
21435266
21435660
21435736
21435952
21436137
21436243
21436659
21436699
21436705
21436744
21436749
21437465
21437629
21437745
21437746
21437833
21438747
21438863
21438909
21438944
21438987
21439055
21439108
21439618
21439650
21439704
21439807
21440289
21440305
21440360
21440468
21440501
21440729
21440741
21440781
21440887
21441058
21441074
21441132
21441154
21441162
21441401
21441553
21442201
21443050
21443093
21443136
21443431
21443652
21443972
21444009
21444064
21444876
21444988
21445026
21446046
21446322
21447465
21447843
21447962
21448197
21448416
21448515
21448550
21448853
21448907
21449531
21449900
21449955
21450076
21450083
21450181
21450184
21450221
21450283
21450288
21450347
21450433
21450436
21450586
21450591
21450595
21450610
21450639
21450786
21450937
21451098
21451151
21451384
21451794
21452071
21452270
21452717
21453123
21453301
21453344
21454018
21454817
21454990
21455009
15446358
15447764
15448519
15448807
15448956
15449362
15449920
15449962
15450008
15450554
15450573
15450729
15450833
15451354
15451754
15451895
15452061
15452163
15452386
15452833
15453885
15454803
15454874
15455219
15455542
15455996
15456001
15456430
15456552
15456584
17106536
17106541
17106551
17106942
17107854
17108296
17108301
17108527
17109061
17109363
17109364
17110124
17110259
17110852
17110861
17111079
17111155
17111253
17111279
17112385
17112541
17112587
17112906
17113722
17113813
17113885
17113895
17114191
17114200
17114623
17114902
17115134
17115321
17115350
17116062
17116112
17116118
17116293
17116510
17116520
17116602
17116821
17116939
17117393
17117690
17117748
17118044
17118320
17118577
17118830
17118864
17119167
17119323
17119339
17119349
17119858
17120235
17120690
17120833
17121135
17121529
17121531
17121554
17121948
17122433
17122615
17122715
17122987
17123311
17123338
17123762
17123767
17124192
17124249
17124398
17124562
17124640
17124842
17125117
17125474
17126108
17126472
17126478
17126913
17127018
17127495
17127721
17127906
17128342
17128359
17128377
17128380
17128394
17129708
17129958
17129975
17129977
17129983
17130370
17130374
17130731
17130745
17131134
17131151
17131157
17132413
17132590
17132840
17134534
17135183
17135218
17135310
17135757
17135758
17135779
17135862
17136007
17136560
17137145
17137468
17137702
17138037
17138112
17138118
17138173
17138278
2277251
2301438
9231677
9231679
9231683
9232037
9232043
9232049
9233521
9233739
9234607
9235077
9235812
9236329
9236330
9236351
9236363
9236584
9236650
9236704
9236964
9236965
9240104
9240173
9240184
9240642
9243205
9243224
9243433
9243660
9243731
9244750
9246130
9246964
9246971
9247480
9247524
9248933
9251159
9251938
9252085
9252698
9252888
9252944
9253903
9253913
9254155
9254959
9255292
9255642
9256179
9256204
9256584
9256908
9256946
9257199
9257255
9258077
9258101
9258131
9258176
9258225
9258823
9259334
9259434
10063405
10063411
10063956
10064635
10064748
10064750
10065518
10065520
10065810
10065814
10068847
10069276
10069586
10070517
10071096
10071147
10071584
10071665
10071717
10072348
10072737
10074464
10075141
10076107
10076480
10076724
10077053
10077295
10077300
10078637
10078642
10078675
10078850
10079408
10079488
10079489
10079554
10080511
10080664
10081169
10081847
10081850
10082097
10083643
10083992
10084183
10084344
10084433
10084483
10086073
10086438
10086525
10086545
10086662
10086668
10088564
10088566
20600254
20601531
20601535
20601789
20601903
20601904
20602040
20602141
20602158
20602458
20602615
20603250
20603876
20604626
20604671
20604698
20604929
20605009
20605080
20605302
20605314
20605357
20605368
20605393
20605570
20605840
20605860
20605945
20606406
20606501
20607310
20607465
20608140
20609337
20609586
20609595
20609600
20609722
20609743
20609766
20610139
20613666
20613933
20614496
20615145
20615226
20615303
20615516
20615611
20615781
20615852
20616416
20616539
20616570
20616571
20616623
20616670
20616785
20617278
20617542
20617567
20618238
20618248
20618249
20618268
20618365
20618369
20618468
20618471
20618622
20619423
20619600
20619601
20619683
20619726
20619913
20619922
20620027
20620268
20620300
20620310
20620311
20620314
20620317
20620335
20620411
20620412
20620522
20620620
20620912
20620913
20621997
20622158
20622254
20622410
20622583
20622586
20622725
20622754
20623288
20623385
20623451
20623516
20623521
20624333
20624508
20624610
20624749
20625040
20625052
20625126
20625365
20625663
20625738
20625740
20625744
20625749
20626270
20626377
20626391
20626438
20626514
20626700
20626818
20626854
20626901
20627184
20627503
20627648
20627768
20627865
20627946
20627964
20628088
20628183
20628395
20628509
20628766
20628857
20628924
20629254
20629672
20629697
20630000
20630055
20630159
20630352
20630425
20630427
20630460
20630515
20630613
20630667
20630784
20630805
20630931
20630980
20631252
20631260
20631392
20631454
20631467
20632060
20632094
20632189
20632443
20632446
20632909
20633268
20633385
20633867
22064255
22065110
22065191
22065486
22065544
22065865
22066475
22066754
22066851
22066890
22066937
22067020
22067093
22067177
22067407
22067526
22067782
22067786
22067796
22068027
22068066
22068065
22068067
22068068
22068178
22068196
22068464
22068681
22069114
22070179
22070220
22070405
22070515
22071012
22071060
22071221
22071338
22071874
22071934
22071996
22072320
22072461
22075017
22075066
22075286
22075332
22075733
22076039
22076531
22076538
22076786
22077249
22077913
22078191
22078278
22079009
22079041
22079059
22079063
22079488
22079753
22080226
22080251
22080379
22080392
22080419
22080884
22081058
22081119
22081268
22081314
22081540
22081542
22081924
22081938
22081984
22082224
22082355
22082541
22082614
22082722
22083319
22083330
22083336
22083361
22084974
22084976
22085126
22085159
22085242
22085482
22085725
22086229
22086263
22086300
22086315
22086807
22086813
22087587
22087601
22088166
22088495
22088566
22088752
22088779
22088805
22088810
22088886
22089381
22089398
22089477
22089480
22089951
22089954
22090047
22090049
22091504
22091672
22091792
22091825
22091834
22091922
22091950
22092047
22092155
22092194
22092226
22092245
22092419
22092424
22092512
22092887
22093046
22093199
22093491
22093577
22094183
22094477
22094546
22094858
10391266
10391329
10391335
10392231
10392911
10393600
10393605
10393681
10394095
10394115
10394159
10394163
10394677
10395042
10395129
10395357
10396205
10396365
10396389
10396391
10396473
10396480
10396505
10396523
10396544
10396668
10397213
10397225
10397556
10397608
10399390
10399423
10399668
10399894
10399991
10401739
10401851
10401970
10402438
10402575
10403106
10403146
10403260
10403346
10403351
10403615
10404377
10404593
10404920
10405496
10405854
10406246
10406317
10406605
10406700
10406747
10406982
10407708
10407709
10408261
10408277
10408450
10408669
10411200
10411440
10411792
10412918
10413119
10413151
10413751
10413912
10413967
10414162
10414729
10414830
10415450
10416907
10416915
10417002
10417598
10418588
10418699
10419740
10420037
10420420
10421108
10421127
27654133
27654453
27654981
27655017
27655183
27655191
27655193
27655854
27655983
27657193
27659156
27661205
27661245
27663191
27663534
27664427
27664907
27666007
27666423
27666616
27666630
27666802
27668738
27669572
27670660
27670956
27672161
27672214
27673513
27677197
27677283
27677290
27677566
27677770
27678072
27678142
27680052
27680196
27680413
27681252
27682132
27682647
27683880
27684300
27685842
16274368
16274377
16274548
16274556
16274893
16275208
16275529
16275673
16276173
16276257
16276259
16276284
16276286
16276358
16276850
16277717
16277746
16278494
16278495
16278498
16278617
16278638
16279145
16279219
16279581
16279878
16279902
16279912
16280077
16280739
16280839
16280854
16280942
16281091
16282680
16283029
16283051
16283208
16283492
16284402
16284461
16286105
16286111
16286171
16286385
16286499
16286707
16286793
16286940
16287007
16287133
16287446
16287450
16287461
16287884
16289016
16289072
16289498
16289591
16289652
16290999
16291078
16291312
16291351
16291889
16293463
16293555
16293648
16294071
16294074
16294088
16294363
16294597
16294658
16294707
16295704
16297467
16297504
16297672
16297789
16298162
16299015
16299100
16299193
16299421
16299430
16299456
16300690
16300823
16301033
16301307
16301446
16301721
16301722
16301760
16301761
16302658
16302840
16302942
16302990
16303702
16303790
16303810
16303985
16304011
16304026
16304274
16304307
16304566
16304920
25002974
25003259
25003262
25003282
25003292
25003293
25003406
25003435
25003623
25003627
25003760
25003849
25004248
25004449
25005175
25005481
25005559
25005596
25005760
25005828
25005843
25005852
25006214
25007015
25007370
25007849
25007987
25007990
25008013
25008021
25008036
25008048
25008105
25008806
25008957
25009113
25009153
25009224
25009389
25010018
25010244
25010303
25010615
25010619
25010622
25010628
25010636
25011070
25011093
25011417
25011643
25011679
25011980
25012011
25012047
25012070
25012159
25012405
25012413
25012606
25012805
25012832
25012897
25013150
25013787
25014512
25014752
25014767
25015305
25015400
25015471
25015474
25015597
25015599
25015600
25015615
25015687
25015839
25015898
25016388
25016483
25016696
25017585
25017621
25019599
25020122
25022207
25022279
25022378
25022383
25022535
25022693
25023204
25023456
25023755
25023811
25023904
25023917
25023999
25024649
25025151
25025281
25025891
25026005
25026508
25026875
25027415
25027443
25027444
25027512
25027700
25027821
25028170
25028237
25028368
25028382
25028383
25028751
25028800
25028948
25029431
25029903
25029965
25030042
25030188
25030238
25030325
25030375
25030642
25031186
25031313
25032214
25032253
25033075
25033472
25033713
25033929
25034197
25034302
25034545
25034671
25034780
25034831
25035048
25036393
25036395
25036397
25036417
25036561
25036564
9169160
9169338
9169807
9169818
9170479
9171267
9172021
9172028
9172847
9173846
9174519
9174522
9175347
9175355
9175419
9175692
9176080
9176833
9176983
9177509
9177924
9178160
9178351
9178684
9178698
9179073
9179117
9179198
9179264
9179535
9179896
9180668
9180784
9180815
9180977
9181016
9181202
9181269
9181395
9181707
9183127
9183201
9183310
9183311
9183342
9184501
9185984
9186121
9186331
9186348
9186459
9186987
9187181
9187429
9187904
9187913
9187912
9189190
9189296
9189297
9189298
9191433
9191628
9191630
9192960
9193171
9193181
9193185
9193235
9193916
9193980
9194783
9195347
9195500
9196012
9196413
9196462
9196648
9196870
9197438
9197851
9197862
9197873
9198044
9198510
23784709
23784726
23785066
23786367
23786446
23786570
23786626
23786807
23786909
23787040
23787197
23787523
23787569
23787939
23788086
23788198
23788689
23788715
23789615
23789665
23789696
23789734
23790044
23790611
23790618
23790778
23791537
23792268
23793122
23793277
23793351
23793808
23793813
23793926
23794052
23794296
23794305
23794309
23794317
23794472
23794673
23795760
23795787
23795801
23795883
23795943
23796144
23796265
23796287
23796357
23796389
23797026
23797481
23797520
23797678
23797888
23798746
23799022
23799454
23799622
23799722
23799723
23799919
23800111
23800118
23800123
23800153
23800156
23800199
23800334
23800388
23800464
23800674
23800806
23800898
23801466
23801470
23801643
23801771
23802581
23802647
23802729
23803123
23803163
23803266
23804116
23804342
23804558
23804576
23804625
23805183
23805604
23805952
23806391
23806395
23806795
23806818
23806867
23806985
23807041
23807094
23807278
23807452
23807802
23808379
23808415
23808527
23808587
23808732
23808757
23808830
23809171
23809183
23809487
23809759
23809772
23809998
23810188
23810202
23810236
23810583
23811185
23811862
23812015
23812022
23812136
23812190
23812440
23812569
23812773
23812794
23812910
23813242
23813280
23813440
23813460
23813584
23813714
23813718
23813901
23814273
23815158
23815254
23815274
17591490
17591881
17592050
17592054
17592082
17592561
17592913
17593091
17593149
17593181
17593319
17593384
17593645
17593802
17593989
17594085
17594130
17594527
17595011
17595230
17595442
17595780
17596005
17596738
17596789
17596799
17596913
17597034
17597083
17597246
17597409
17597633
17598060
17598063
17598718
17598801
17598873
17598909
17599220
17599278
17599889
17599896
17600097
17600778
17601271
17602175
17602183
17602305
17602307
17602322
17603147
17603312
17603918
17604287
17604321
17604963
17605739
17606085
17606160
17606568
17606664
17606780
17607113
17607145
17607633
17608245
17608251
17608257
17608651
17608737
17608751
17610024
17610043
17610249
17610432
17610440
17610455
17610687
17610750
17610758
17611234
17613561
17613581
17613584
17613929
17614272
17614773
17614883
17614885
17615013
17615490
17615566
17615848
17616343
17616342
17616444
17616534
17616770
17617089
17617139
17617210
17617292
17617326
17617334
17617338
17617473
17617836
17618760
17618771
17618806
17618877
17620545
17620665
17620939
17620943
17620946
17620995
17621379
17621384
17621414
17621622
17621656
17622204
17622206
17622207
17622705
17622882
17622940
16911472
16911589
16911632
16911687
16911933
16912886
16913207
16914067
16914210
16914461
16914596
16914603
16914756
16914932
16915117
16915539
16916341
16916397
16916459
16916502
16916720
16916769
16916857
16917438
16917454
16917564
16917670
16917676
16917682
16918741
16918744
16918770
16918821
16918823
16919135
16919187
16919797
16920185
16921046
16921836
16922012
16922025
16922465
16922662
16922902
16923044
16923296
16923476
16923485
16923622
16923623
16923843
16924010
16924222
16924398
16924689
16925273
16925292
16925537
16925771
16925800
16925874
16926214
16926680
16926939
16926940
16926943
16926954
16927057
16928157
16928213
16928288
16928501
16928513
16928514
16928531
16928706
16929590
16930473
16931169
16932036
16932081
16932120
16932121
16932832
16932926
16933844
16934078
16934240
16934382
16934606
16935010
16935050
16935104
16935228
16935413
16935867
16935913
16936109
16936161
16936334
16936419
16936628
16937105
16937384
16937602
16938211
16939666
16939738
16940336
16940713
16940879
16941166
16942829
16943105
16943107
7951770
7955181
7955189
7955196
7955257
7955265
7955433
7956570
7957994
7957999
7958685
7960377
7960383
7960387
7962644
7962778
7963118
7963209
7964357
7964359
7964541
7965235
7965238
7966818
7969585
7969626
7969669
7970354
7970367
7970476
7970993
7970998
7973196
7974310
7976250
7976944
7977238
7977538
7978008
7978598
7978599
7978700
7979600
7979839
7980237
16752692
16752695
16752942
16753092
16753192
16753371
16753436
16753439
16753769
16754272
16754367
16755175
16755269
16755401
16755661
16755830
16756145
16756453
16756471
16756534
16756535
16756640
16756738
16756845
16756857
16756883
16757543
16757931
16759046
16759239
16759433
16760277
16760290
16760581
16761008
16761009
16761476
16761907
16762290
16762621
16762662
16763186
16763542
16763773
16764013
16764200
16764221
16764648
16764714
16765170
16765182
16765288
16765428
16766153
16766537
16766934
16766979
16767433
16767577
16767949
16768696
16768724
16768775
16768879
16769244
16769299
16769334
16769604
16769716
16769864
16769988
16770213
16771002
16771946
16771947
16771957
16772011
16772030
16772053
16772791
16772800
16772834
16773286
16773293
16773951
16774095
16774491
16774637
16774880
16774949
16775222
16775494
16775680
16776720
16776840
16777388
16777756
16778290
16778421
16778610
16778626
16779057
16779145
16779743
16780019
16780022
16780556
16780767
16781237
16781307
16781590
16782299
16783142
16783489
16783768
16784063
16784069
16784085
16784316
23298548
23298901
23298948
23298995
23299129
23299138
23299234
23299237
23299238
23299455
23299520
23300203
23300262
23300643
23300677
23300726
23300766
23301001
23301386
23301458
23302218
23302399
23302401
23302413
23302502
23302994
23303116
23303142
23303414
23303723
23305316
23305402
23305478
23305540
23305755
23305778
23306055
23306334
23306771
23306772
23306815
23306961
23307150
23307307
23307631
23307823
23307908
23308400
23311185
23311601
23311805
23311913
23312339
23312453
23312467
23312554
23312698
23312783
23312931
23313205
23313385
23314027
23314089
23314160
23314227
23314418
23314517
23314782
23315181
23315603
23315607
23315620
