21241647
21241951
21242060
21242094
21242161
21242236
21242240
21242668
21242690
21242797
21242822
21243279
21243290
21243590
21244193
21244483
21244650
21245473
21245475
21245787
21245788
21245790
21245993
21246162
21246536
21246579
21246585
21246758
21247231
21247232
21247239
21247262
21247270
21247272
21247292
21247302
21247303
21247603
21247611
21247662
21247685
21248174
21248651
21249529
21250795
21250966
21251084
21251138
21251376
21251786
21251808
21252039
21252476
21252483
21252607
21252749
21252816
21252823
21252834
21252864
21253726
21254286
21254290
21254889
21255538
21255771
21255797
21255949
21256092
21256100
21256389
21256689
21256796
21257127
21257131
21257316
21257648
21257844
21257976
21258074
21258128
21258234
21258271
21259012
21259017
21259242
21261146
21261449
21261484
21261572
21261713
21261786
21261951
21262590
21262882
21262907
12141320
12141580
12141591
12141625
12141715
12142090
12142975
12144983
12145245
12146580
12146850
12146987
12146991
12147113
12147662
12147824
12147826
12147839
12147855
12147966
12149700
12149909
12150148
12150295
12150317
12150528
12150607
12151431
12151609
12153381
12153500
12153594
12153886
12153887
12154249
12154328
12154417
12154421
12160273
12160502
12160524
12160576
12160592
12160950
12161583
12161936
12162586
12162631
12162798
12164167
12164349
12164520
12164570
12164879
12164997
12165592
12165681
12165751
12165868
12165895
12165945
12166714
12167186
12167385
12167389
12167452
12167505
12167520
12167521
12167523
12168476
12168960
12168969
12169147
12169346
12169359
12170202
12170218
12170406
12170527
12170856
12171221
12171680
12171747
12171825
12171830
12172514
12173078
12173080
12173818
12173994
12174000
12174155
12175104
12175388
12175394
12175441
12175444
12176130
24236631
24236804
24237097
24237682
24237717
24237751
24238124
24238230
24238431
24238506
24238631
24238651
24238822
24238854
24239014
24239213
24239392
24239585
24239800
24241501
24241713
24241964
24242990
24242991
24243919
24243999
24244332
24244512
24245840
24245842
24245928
24245964
24245982
24246243
24246260
24246283
24246322
24246345
24246458
24246515
24246596
24247226
24247365
24247920
24248184
24248185
24248589
24249401
24249520
24249533
24249538
24249537
24250286
24250823
24251833
24252002
24252003
24252281
24252489
24252608
24252716
24252816
24252817
24252937
24252941
24253105
24253762
24253785
24253931
24254258
24254537
24254917
24255133
24256028
24256067
24256216
24256427
24256675
24256685
24256700
24256741
24257163
24257481
24257658
24258197
24258250
24258687
24259046
24259729
24259970
24259972
24260771
24260976
24261010
24261019
24261230
24261376
24261410
24261423
24261614
24261875
24261907
24262125
24262136
24262140
24262330
24262874
24262880
24263041
24263377
24264549
24264772
24265090
24265168
24265572
24266303
24266309
24266619
24266698
24266750
24267109
24267122
24267365
24267518
24267780
24267854
24267971
24268053
9542200
9543560
9543642
9544596
9545841
9546003
9546230
9546569
9547668
9547958
9547959
9548036
9549003
9549394
9550199
9550643
9550654
9550954
9551007
9551011
9551051
9551280
9551675
9552048
9552066
9552185
9553306
9553792
9553856
9554406
9554632
9554644
9555825
9555829
9555836
9555846
9556197
9556468
9556692
9557097
9557341
9557356
9557456
9557918
9558934
9559506
9559628
9559709
9559713
9559714
9560062
9560863
9561873
9562111
9562148
9562480
9563112
9563190
9563543
9564375
9564917
9564932
9565116
9565386
9565438
9566100
9566175
9567219
9567334
9567389
9567392
9567642
9568649
9568658
9568943
9570051
9570598
9571594
9572092
10090112
10090872
10091731
10091831
10091883
10092568
10092715
10092896
10092918
10093169
10093609
10093689
10094169
10095284
10095441
10096265
10097779
10097924
10098566
10098568
10098572
10100089
10100516
10101420
10101703
10102223
10102346
10102457
10102548
10102850
10102950
10102966
10102971
10103295
10103328
10103347
1986828
1989709
1992880
1994793
1995137
1999752
2003625
2003663
25422254
25422310
25423471
25423706
25424158
25424168
25424377
25424519
25424539
25424908
25425086
25425093
25425363
25425371
25425528
25425555
25425588
25425679
25426708
25427259
25427859
25427948
25428114
25428625
25428723
25428752
25428792
25428840
25428957
25429385
25429418
25430401
25430403
25430405
25430597
25430734
25430738
25430820
25430916
25431126
25431139
25431459
25432449
25432540
25432823
25432837
25433067
25433140
25433504
25433668
25433818
25433829
25433832
25434658
25434719
25435298
25435299
25435333
25435394
25436059
25436225
25436297
25436357
25436480
25436822
25437509
25437838
25438025
25438162
25438271
25438272
25438274
25438871
25438976
25439179
25439361
25439411
25439772
25439780
25440131
25440346
25440349
25440367
25440370
25440470
25440478
25440485
25440489
25440492
25440691
25440733
25440816
25440823
25440994
25441055
25441057
25441332
25441396
25441556
25442065
25442123
25442503
25442725
25443105
25443109
25443260
25443379
25443387
25443560
25443752
25443917
25444028
25444439
25444572
25444573
25444630
25444950
25444953
25445470
25445835
25446195
25446480
25446505
25446598
25446609
25446667
25447749
25448312
25448456
25448493
25448655
25448673
25449155
25449196
25449550
25449554
25449564
25449642
25449982
25450490
25450535
25450656
25451408
25451417
25451734
25451893
25452053
25452300
21870946
21871027
21871054
21871278
21871598
21871750
21871835
21871981
21872201
21872216
21872334
21872349
21872488
21872515
21872838
21873038
21873552
21874334
21874374
21874390
21874620
21874672
21874762
21875205
21875538
21875732
21876191
21876239
21876358
21876365
21876434
21876501
21876969
21877126
21877377
21878008
21878238
21878481
21878819
21878829
21879268
21879275
21879403
21879410
21879412
21879424
21879469
21879942
21880024
21880064
21880563
21880998
21881055
21881374
21881813
21881894
21881930
21882010
21882199
21882928
21883684
21883690
21883772
21883838
21883843
21884025
21884861
21885185
21885298
21886014
21886069
21886082
21886327
21887569
21887659
21888476
21888706
21888743
21889079
21889193
21889285
21889560
21889813
21889828
21890240
21890300
21890488
21890706
21890769
21890788
21890792
21890887
21892015
21892097
21892729
21892946
21892964
21893143
21893311
21893429
21893473
21893503
21893568
21893606
21893953
21893974
21894060
21894565
21895610
21895940
21895956
21896455
21896558
21896788
21897187
21897208
21897762
21898019
21898633
21898717
21899711
21899999
21900023
21900058
21900406
21900434
21900536
21900633
21900784
21900810
21900825
21900857
21901035
21901270
21901478
1386135
1386194
1386621
1387073
1389193
1389737
1390473
1392709
1392755
1392922
1395767
1397828
1401272
1401275
1403202
1403204
17822482
17822485
17822493
17823462
17823877
17824897
17824976
17825421
17825609
17825841
17825922
17826408
17826411
17826417
17826427
17826460
17826478
17826481
17826487
17826654
17827951
17828400
17828823
1823735
1823756
1837743
1837744
1840462
20346034
20346035
20346109
20346243
20347201
20347262
20347288
20347311
20347619
20347733
20347747
20347758
20348144
20348193
20348198
20348273
20349092
20349178
20349423
20349619
20350151
20350154
20350326
20350798
20351372
20351526
20351552
20351599
20351607
20351673
20351739
20352386
20352647
20353433
20353497
20353554
20353641
20353739
20354031
20354056
20354241
20354278
20355039
20355128
20356665
20356915
20356938
20357134
20357586
20357611
20357620
20357646
20358335
20359411
20359575
20359748
20359810
20359851
20360153
20360190
20360321
20360488
20360489
20360501
20360545
20361902
20361906
20362287
20362753
20362834
20362912
20363001
20363117
20363171
20363417
20363547
20363583
20364430
20364536
20364543
20364546
20364743
20367312
20367328
20367371
20367396
20367618
20367722
20367724
20367824
20367982
20368304
20368474
20369156
20370424
20370732
20370977
20371751
20372954
20372972
20373015
20373046
20374201
20374211
20374351
20374354
20374667
20374971
20375204
20375815
20375919
20376499
20376592
20376888
20377110
20377364
20377431
11191194
11191244
11191936
11192103
11192277
11192528
11192920
11194762
11194814
11194818
11194821
11195314
11195476
11195602
11195603
11195607
11196559
11198340
11198784
11199203
11199239
11199413
11199427
11200949
11201596
11202582
11202587
11203744
11204804
11205736
11205860
11207224
11207463
11207696
11208510
11208849
11209534
11209582
11209628
11209726
11210168
11210280
11211629
11211638
11212009
11212436
11212452
11212594
11213006
11216557
11216565
11216740
11216766
11217003
11217253
11217589
11217622
11219358
11220370
11220481
11220690
9973581
9973779
9973863
9974067
9974090
9987445
9987460
9987466
9988241
9989575
21198266
21198300
21198745
21198899
21199043
21199273
21199285
21199316
21199482
21199540
21199576
21200057
21200195
21200196
21203781
21204977
21205056
21205363
21205594
21205599
21206012
21206103
21206288
21206293
21206411
21207163
21208086
21208384
21208577
21208585
21208591
21208595
21208765
21209505
21209549
21209587
21209945
21210310
21210313
21210315
21210540
21211481
21211498
21211501
21211687
21211992
21211999
21212375
21213147
21213156
21214057
21214060
21214091
21214303
21214306
21214670
21214902
21214913
21214927
21215419
21215437
21215999
21216124
21216323
21216326
21216677
21216785
21217152
21217435
21217439
21217447
21217487
21217527
21217528
21219108
21219425
21219428
21219525
21219685
21220248
21220546
21221036
21221790
21222167
21223278
21223305
21223403
21223498
21223571
21223956
21224424
21224742
21224745
21224829
21225106
21225147
21225269
21225547
21225548
21225676
21225799
21226557
21226619
21226754
21226938
21226954
21226967
21227468
21227643
21227749
21228383
21228593
21228662
21228705
21229627
21229629
21229635
11441197
11441202
11441738
11441779
11442152
11442153
11442166
11442179
11443020
11443023
11443024
11443026
11443030
11443423
11443491
11443495
11444714
11444780
11444886
11445630
11446837
11446843
11446851
11446907
11447550
11448433
11448438
11449017
11449097
11449108
11449107
11449193
11450902
11450926
11451265
11451294
11452177
11453238
11453396
11454107
11454794
11455278
11455717
11455829
11455845
11456021
11456034
11456048
11456141
11456430
11457419
11458038
11458113
11458594
11459897
11462096
11462098
11462311
11462314
11462920
11462928
11463538
11463545
11463546
11463554
11464036
11464042
11464061
11464064
11464118
11464321
11464322
11464357
11464374
11464574
11465172
11465228
11465635
11465700
11465785
11466246
11466667
11467270
11467387
11467635
11467639
11467650
11467659
11467691
11467698
11467702
11468502
11468535
11468856
11469093
11469214
11469431
11469882
11471296
2492785
2493192
2497830
2500168
2504343
2507006
2508882
2511967
22448824
22449466
22449740
22450335
22450525
22451085
22451261
22451337
22451546
22451549
22451585
22452621
22453495
22453721
22453726
22453728
22454133
22454300
22454412
22455254
22455266
22455320
22455528
22455791
22455835
22456094
22456247
22456255
22456465
22456655
22456690
22456978
22458272
22458341
22458907
22458992
22459335
22459413
22459579
22459589
22459932
22460003
22460052
22460087
22460305
22460373
22460441
22460572
22460742
22461018
22461170
22461371
22461655
22461715
22461900
22462331
22462571
22462579
22462658
22463055
22463683
22463782
22464016
22464277
22464406
22464666
22465003
22465172
22465235
22465521
22465970
22466360
22466575
22466632
22466684
22466693
22466981
22467083
22467116
22467118
22467120
22467185
22467247
22467265
22467344
22467561
22467710
22468715
22468844
22469191
22469442
22469639
22469715
22469790
22469791
22470041
22470193
22471787
22471791
22471875
22472915
22472962
22473067
22473117
22473125
22473595
22473753
22474211
22474739
22475354
22475738
22475762
22475813
22475894
22476107
22476178
22476306
22476722
22476896
22477731
11850748
11851072
11851615
11851769
11852020
11852023
11852330
11852334
11852748
11854335
11854636
11854772
11854776
11854870
11855156
11856086
11856683
11857042
11858126
11859274
11859276
11859279
11859661
11859697
11861234
11861438
11862362
11862898
11863334
11863474
11864676
11865010
11865545
11865579
11865744
11865860
11866261
11867887
11868014
11868055
11868056
11868798
11869395
11869761
11869772
11869780
11869783
11869785
11870000
11870009
11870014
11870340
11871589
11871920
11872021
11872888
11873003
11873044
11873671
11873712
11874311
11875352
11876055
11876083
11876433
11876687
11877351
11877640
11878651
11879114
11879341
11879385
11879514
11879519
11880085
11880794
11880839
11880860
11881303
11882222
23203980
23204013
23204049
23204197
23204200
23204202
23204211
23204213
23204241
23204495
23204561
23205383
23205527
23206212
23206316
23206376
23206378
23206783
23207075
23207243
23207498
23207528
23207589
23207623
23207963
23208005
23208273
23208837
23208899
23210536
23211042
23211058
23211211
23211228
23211262
23211346
23211375
23211709
23212529
23212560
23212664
23212765
23213114
23213952
23215801
23215960
23216002
23216230
23216415
23216721
23216776
23216778
23216782
23216813
23217188
23217541
23217579
23217883
23217943
23218120
23218198
23218481
23218754
23218844
23219180
23219210
23219404
23219634
23219655
23220100
23220563
23220597
23220627
23220772
23220798
23220855
23221274
23221353
23221373
23221377
23221424
23221449
23221602
23221737
23221948
23221974
23222275
23222277
23222545
23222948
23222961
23223220
23223507
23223858
23223957
23224046
23224564
23224577
23224699
23224921
23225109
23225122
23225209
23225252
23225281
23225531
23225743
23225809
23227160
23227230
23227816
23227962
23228115
23228196
23228340
23228376
23228377
23228625
23228974
23229424
23229426
23229458
23229558
23229786
23229839
23229875
23229908
23229913
23230240
23231478
23231841
23231845
23231936
23231937
23231969
23232195
23232196
23232386
23232590
23232734
23232824
23232827
23232975
23232987
23233262
23233912
17363752
17364077
17364208
17364300
17364500
17364748
17364757
17364804
17365976
17366333
17366558
17367105
17367302
17367526
17367557
17368360
17369520
17369677
17369759
17370084
17370138
17371174
17371633
17371680
17372294
17372295
17372794
17372863
17373120
17373244
17373977
17374600
17374797
17375218
17375363
17375891
17376048
17376127
17376610
17376937
17377056
17377180
17377337
17377865
17377872
17377880
17378224
17378719
17378779
17378818
17378841
17378873
17379061
17379090
17379292
17379453
17379661
17379819
17381379
17381482
17381613
17381649
17381800
17381894
17381898
17381904
17381914
17381936
17381944
17381953
17382137
17382148
17382162
17382212
17382484
17382961
17383083
17383356
17383725
17384006
17384316
17384410
17384840
17384903
17384955
17385195
17385299
17385968
17386205
17386907
17386909
17387025
17387443
17388036
17388232
17388830
17388832
17389473
17389656
17390275
17390276
17391475
17391578
17391594
17391883
17392078
17392354
17392644
17392990
17393367
17394179
17394181
17394614
17394639
17394656
24521531
24521564
24521589
24521747
24521778
24521788
24521962
24522223
24522473
24522621
24522865
24523361
24523431
24523637
24524380
24524652
24524844
24524916
24525047
24525059
24525426
24525746
24525916
24526098
24526177
24526247
24526273
24526499
24526561
24527872
24528046
24528557
24528562
24528973
24529028
24529081
24529341
24529482
24529517
24529599
24529650
24529684
24529742
24529747
24529805
24529812
24530105
24530190
24530404
24530455
24530470
24530723
24531389
24532048
24532435
24532497
24532833
24533560
24533606
24533664
24533786
24534120
24534184
24534265
24534644
24535022
24535239
24535277
24535596
24535840
24535940
24548383
24548553
24548816
24548849
24549164
24549392
24549463
24549773
24549776
24550349
24550434
24550670
24552040
20156839
20156897
20156920
20156922
20156958
20157135
20157178
20157717
20158351
20159212
20159669
20162279
20162308
20162424
20163048
20163256
20163346
20164044
20164811
20167434
20167523
20167592
20168194
20169114
20169365
20169461
20169464
20170048
20170277
20170311
20170318
20170515
20170531
20170532
20170553
20170585
20170601
20170991
20171012
20171558
20171694
20171745
20171795
20171799
20171812
20171847
20172152
20172301
20172533
20172561
20172886
20172893
20173368
20173373
20173445
20173469
20173478
20173482
20173618
20174998
20175026
20175282
20175773
20175800
20175902
20175924
20176210
20176456
20176736
20177036
20177673
20177681
20177683
20178174
20178181
20178185
20178506
20178535
20178694
20178723
20178724
20178888
20179328
20179404
20179613
20179635
20179659
20179952
20180351
20181131
20181406
20181575
20181676
20182267
20182270
20182722
20182811
20183808
20184486
20184511
20184638
20184759
20185288
20185536
20185746
20185780
20185920
20186033
20186240
20186297
20186433
20187288
20187467
20187495
20187679
20188228
20188404
8280517
8281091
8281371
8281667
8282658
8282660
8284377
8284381
8284391
8285871
8285891
8285900
8287587
8288781
8289037
8291728
8292434
8292944
8292946
8294685
8297694
8297701
8297987
8299088
8299439
8299787
8299915
8300358
8303626
8303743
8304023
8304847
8304989
8305993
8306486
8308178
8308477
8309371
8310405
8611076
8611971
8612253
8612854
8614037
8615273
8615729
8615961
8615996
8616128
8617387
8617903
8618299
8618334
8618584
8619184
8619185
8619205
8619707
8619719
8620796
8622069
8623111
8623795
8623845
8623873
8624831
8628604
8628606
8628882
8629649
8629754
8629975
8629981
8630116
8631243
8632928
8633151
8633171
8633177
8633257
8633395
8633397
8633508
8633577
8633651
8633670
8633681
8633740
8634041
8634398
8634406
8634986
8635086
8635399
8636494
8637141
8637275
8637769
8637984
8638018
8638240
8639300
8639350
15584987
15585042
15585480
15585986
15586216
15586831
15588069
15588208
15588243
15588321
15588754
15588870
15589487
15590030
15590036
15590037
15590215
15590230
15590581
15590710
15591211
15591483
15591742
15592040
15592044
15592093
15592284
15592697
15593034
15595197
15595704
15595906
15595933
15596181
15596619
15596699
15597291
15597580
15598198
15598288
15598324
15598706
15598853
15598855
15598859
15599137
15599503
15599681
15599731
15601892
