15602123
15602129
15602153
15602410
15603099
15603647
15604047
15604596
15604941
15605026
15605300
15605430
15606517
15606731
15607057
15607936
15607994
15608032
15608036
15608316
15608739
15608914
15608962
15609887
15610111
15610116
15610124
15610454
15610997
15611865
15612957
15613572
15613575
15613607
15614144
15614504
15614866
15615552
15615742
15616241
15616482
15616499
15616754
15616902
15616913
15616922
15616954
15617363
10133648
10136255
10136824
10136826
10136831
10137588
10139410
10142037
10146430
10147274
19085630
19085780
19085969
19086168
19086280
19087299
19087385
19087483
19088119
19088132
19088567
19089419
19089721
19089723
19090406
19090629
19090800
19091105
19091190
19091339
19091362
19091757
19091794
19091881
19091901
19092030
19092095
19092144
19092616
19092618
19093056
19093921
19093981
19094071
19094104
19094124
19094205
19094409
19095097
19095109
19095115
19095116
19095510
19095580
19096854
19097038
19097811
19098042
19098184
19098196
19098691
19098866
19098872
19098964
19099111
19099115
19100055
19100401
19100607
19101249
19101304
19102133
19102343
19102367
19102384
19102407
19102420
19102733
19102820
19102824
19102956
19103321
19103653
19103733
19103914
19103946
19104094
19104093
19104098
19104424
19104512
19105667
19105676
19105681
19105806
19105857
19105862
19106165
19106335
19106795
19107088
19107517
19107769
19107777
19108851
19109310
19109361
19110438
19110450
19110479
19110836
19111079
19111082
19111258
19111280
19111319
19111790
19111848
19111959
19112048
19112186
19112204
19112574
19112653
19113072
19114170
19114203
19114226
19114571
19114573
19114703
19115028
19115419
19115683
19115759
19116497
19116502
19116738
19116740
19117042
19117668
16530148
16530150
16530371
16530377
16531388
16531454
16531598
16531607
16531850
16531851
16531921
16532092
16532220
16532225
16532226
16532414
16532432
16532914
16533374
16533504
16534161
16534407
16534569
16534817
16534884
16536681
16536819
16537556
16538197
16538412
16538494
16539290
16539291
16539309
16539729
16539740
16539818
16540793
16540830
16540894
16540906
16541268
16542439
16542605
16542790
16543525
16543735
16543749
16544073
16544084
16544314
16545165
16545251
16545266
16545353
16545648
16545984
16546241
16546414
16546579
16546898
16546905
16547204
16547613
16547625
16547773
16547788
16547847
16547893
16547988
16548081
16548853
16548932
16549079
16549204
16549383
16549903
16549932
16549946
16550407
16550430
16550556
16550751
16551315
16551318
16551395
16551476
16551753
16551761
16552003
16552207
16552627
16553505
16553528
16553592
16553911
16553923
16553939
16554395
16554399
16554567
16554672
16554952
16556795
16557035
16557487
1496500
1496897
1497031
1497402
1498219
1500403
1500404
1512386
1513349
1516028
1516111
1516483
1517723
23910566
23910708
23910709
23910744
23911024
23911219
23911715
23911720
23912163
23912197
23912308
23912506
23912511
23912560
23912607
23912734
23912753
23912852
23912855
23912887
23913020
23913264
23913479
23914899
23915492
23915586
23915637
23915918
23916416
23916664
23916857
23916874
23917670
23917805
23917906
23918152
23918211
23918285
23918465
23918531
23919598
23919737
23919826
23920433
23920839
23921186
23921216
23921325
23921340
23921619
23921711
23921835
23921921
23922120
23922324
23922387
23923018
23923976
23924048
23924215
23924343
23924438
23924652
23924921
23925473
23925820
23925860
23926233
23926425
23926902
23926909
23927329
23927596
23927742
23927911
23928167
23928232
23928569
23928672
23928934
23929139
23929146
23929879
23930092
23930553
23930611
23931153
23931728
23932736
23933129
23933224
23934225
23934335
23934620
23934733
23935005
23935153
23936014
23936209
23936430
23936509
23936986
23937062
23937346
23937704
23938230
23939180
23939350
23939381
23939947
23940008
23940213
23940866
23941086
23941099
23941129
23941263
23941580
12369111
12370083
12370213
12370526
12370532
12370720
12370725
12370872
12371632
12371981
12372122
12372128
12372734
12372884
12372888
12372941
12373068
12373692
12373698
12375361
12375546
12375547
12375683
12375760
12375807
12377319
12377682
12377838
12378447
12378450
12378574
12378987
12379578
12379811
12380477
12380609
12380659
12380671
12380723
12380911
12381252
12381630
12381632
12383528
12384323
12385602
12385603
12386076
12386082
12386672
12386791
12387535
12388502
12388977
12389002
12389235
12389338
12390284
12390338
12390465
12390603
12390995
12391531
12391543
12391926
12391941
12391949
12392046
12392341
12393765
12393769
12393953
12394375
12394692
12394702
12394852
12394868
12394879
12394907
12394955
12394968
12395004
12395020
12395029
12395290
12395918
12395954
12396253
12397148
12397273
12397516
12397748
12398124
12398784
12400021
12400213
2774372
1645080
1660555
1663485
10725864
10726251
10726384
10728023
10728251
10728454
10728515
10728534
10728539
10730310
10730436
10730640
10730834
10731008
10731353
10731647
10731649
10731740
10731891
10732308
10733053
10733443
10733714
10734030
10734271
10734588
10735019
10735406
10735481
10735592
10735700
10735762
10735835
10736137
10736550
10736885
10736907
10736971
10737171
10737285
10737446
10737448
10738035
10738081
10738186
10738474
10738987
10739500
10739512
10739514
10739523
10739706
10740160
10740325
10740594
10741451
10741496
10741804
10741817
10742312
10742320
10742349
10742357
10742360
10742709
10743843
10743920
10744280
10744809
10744934
10744936
10745515
10746817
10746840
10747305
10749226
10749295
10749593
10749618
10750205
10750209
10750505
10751069
10751298
10751465
10751495
10751588
10751735
10751737
10751882
10752001
10752098
10752172
10752968
10752970
10752971
10753696
10754781
10755100
10755262
10755527
10755760
20568323
20568397
20568420
20568937
20569033
20569189
20569231
20569534
20569731
20569886
20569924
20569969
20570565
20570960
20571929
20572309
20572420
20572822
20573218
20573335
20573609
20573652
20574244
20574268
20574730
20574844
20575095
20575193
20575195
20575204
20575685
20575713
20575727
20575919
20576070
20576115
20576282
20576344
20576365
20576668
20576784
20577067
20577073
20577114
20577716
20577875
20577950
20578141
20578178
20578418
20578575
20578607
20578609
20578801
20578860
20579019
20579120
20579127
20579167
20579318
20579380
20579507
20579516
20579552
20579559
20579560
20579835
20579943
20580045
20580276
20580277
20580506
20580516
20581377
20581929
20582514
20582637
20582775
20583234
20583389
20583450
20583544
20583686
20583737
20584004
20584061
20584271
20584274
20584521
20584724
20584727
20584730
20584797
20584804
20584955
20584959
20584964
20585267
20585727
20585764
20585909
20585923
20585963
20585992
20586001
20586118
20586660
20587171
20587428
20587434
20587788
20587811
20587854
20587927
20588007
20588021
20588087
20589489
20589497
20589582
20589681
20589694
20590480
20590889
20591102
20591505
20591793
20591814
20591986
20592254
20592510
20592511
20592572
20593499
20593709
20594225
20594257
20595224
20595568
20595687
20595802
20595910
20595922
20596066
20596714
20596732
20597568
20597596
20598041
20598139
20598269
20598428
20598494
20598946
20599050
20599063
20599215
20599258
20599373
20599414
18410335
18410437
18410766
18410816
18410817
18410997
18410998
18411384
18412683
18413452
18413453
18413476
18413707
18413886
18414176
18414632
18414716
18414889
18415025
18415753
18415781
18415920
18416203
18416219
18416282
18416346
18416469
18416819
18416909
18416915
18416923
18416965
18417088
18417383
18417751
18417988
18418130
18418139
18418298
18418526
18418659
18419058
18419434
18419528
18419697
18419699
18419715
18419718
18419726
18420850
18421460
18421461
18421919
18422447
18422492
18422549
18423035
18423318
18424065
18424277
18424289
18424469
18424817
18425154
18426317
18426439
18426442
18426462
18426693
18426967
18427337
18427443
18430342
18430465
18430581
18430596
18430621
18430828
18430841
18430881
18431079
18431219
18431228
18431242
18431348
18431604
18431831
18431833
18431834
18432556
18433024
18433480
18433665
18433673
18434054
18434108
18435387
18435479
18435599
18435639
18435791
18435811
18435846
18435850
18436012
18436175
18436286
18436350
18436577
18436612
18436891
18436902
18437147
18437450
18437469
18437481
18437484
18438124
18438194
18438200
18438202
18439076
18439091
18439308
18439471
18439475
18439912
18439947
18440026
18440027
18440164
18440455
18440459
18440486
18440756
18440914
18441038
18441039
18441043
18441252
22729871
22730364
22730905
22730941
22731686
22731901
22732583
22732998
22733002
22733172
22733182
22733183
22733186
22733191
22733194
22733841
22733922
22734082
22734814
22735300
22735363
22735608
22735651
22735734
22736193
22736288
22738344
22738404
22738436
22738615
22738644
22738668
22739397
22740079
22740386
22741205
22741225
22741573
22741597
22742578
22743068
22743135
22743219
22743260
22743319
22743344
22743381
22743384
22743786
22743936
22744149
22744547
22744625
22744672
22744727
22744819
22744994
22745047
22745117
22745610
22745612
22746163
22746358
22747316
22747320
22747880
22748162
22748492
22748569
22748595
22749409
22749518
22749552
22749764
22749783
22750132
22750146
22750803
22751252
22751821
22751826
22751954
22752034
22752101
22752281
22752311
22752462
22752503
22752758
22752779
22753019
22753419
22753421
22753661
22753865
22755309
22757628
22757769
22757948
22757949
22759193
22759400
22759720
22759787
22759982
22760086
22760221
22760404
22760601
22760602
22760835
22760892
22760893
22762286
22762360
22762389
22762415
22762702
22763016
22763231
22763630
22763660
22764171
22764199
22764514
22764754
22765238
22765484
22766361
22766365
22766515
22766539
19182491
19182502
19182619
19182695
19183129
19183173
19183229
19183375
19183381
19183450
19183464
19183531
19183540
19183986
19183992
19184214
19184236
19184268
19184509
19184527
19185093
19185108
19185142
19185161
19185675
19185883
19185945
19186082
19186110
19186344
19187576
19187647
19187689
19187884
19188000
19188131
19188433
19188461
19188548
19188893
19189676
19189984
19190009
19190139
19190295
19190296
19190459
19190553
19190560
19190891
19190967
19191086
19191137
19191138
19191784
19191802
19191889
19191987
19192120
19192123
19192280
19192372
19192440
19192446
19192459
19192511
19193138
19193204
19193242
19193403
19193427
19193449
19193583
19193659
19194108
19194329
19194346
19194808
19195261
19195657
19195739
19196054
19196061
19196096
19196207
19196734
19196741
19196794
19197218
19197222
19197403
19197404
19197571
19198856
19198893
19198909
19198923
19199016
19199105
19199348
19199874
19200400
19200403
19200543
19200599
19200792
19201131
19201207
19201292
19201299
19201628
19201767
19202495
19202499
19202566
19202995
19203375
19204240
19204260
19204369
19204399
19204444
19204506
19204510
19204516
19204588
19204594
19204655
19204939
19205662
19205979
19206007
19206180
19207342
19207379
19207632
19207709
19207759
19207806
19207992
19208279
19208282
19208290
19208598
19208650
19209037
19209041
19209042
19209372
19210133
19210709
19210861
19210875
19210945
19211149
19211257
19211259
19211280
19211483
19211486
19211928
19212208
19212940
19213774
19213947
8551656
8553117
8554225
8555855
8555940
8557019
8557131
8557446
8557901
8558204
8558977
8559517
8560344
8560657
8560669
8561108
8562110
8562239
8563504
8564487
8564725
8564902
8565802
8566580
8568215
8568989
8569573
8569887
8571177
8571423
8571906
8572010
8572761
8572766
8572768
8572783
8572786
8572840
8573021
8574065
8574068
8574460
8574718
8574985
8576498
8576771
8576772
8577021
8578161
8578179
8579089
8580281
22804877
22805474
22805497
22806314
22806533
22806553
22807253
22807484
22807607
22808731
22808931
22808985
22809269
22809324
22809479
22809526
22809563
22809695
22809704
22809815
22809895
22810053
22810158
22810159
22810476
22810548
22810620
22811226
22812542
22812602
22813096
22813395
22813408
22813412
22813570
22813619
22813631
22813762
22814218
22814306
22814804
22814829
22815322
22815423
22815779
22815914
22816490
22816676
22817765
22817826
22818172
22818397
22818407
22818415
22818417
22818566
22818899
22818978
22819133
22819313
22819418
22819526
22819760
22819867
22819905
22819949
22820279
22820282
22820680
22820738
22821244
22821555
22821672
22821916
22822113
22822711
22823064
22823328
22823477
22823555
22823576
22823583
22823594
22824338
22824453
22824536
22824767
22824853
22825507
22825659
22825897
22825942
22826031
22826505
22826511
22826542
22827532
22827716
22827811
22827844
22827917
22828144
22828668
22828744
22828812
22829292
22830150
22831273
22831566
22831648
22831922
22831949
22831982
22832372
22832393
22832395
22832512
22832556
22832587
22833058
22833511
22833552
22833556
22834563
22834870
22834999
22835498
22835632
22835850
22835882
22836052
22836201
22836532
22836557
22836577
22836773
22836835
22836836
22836860
22836904
22837372
22837550
22838225
22838240
22838243
22838391
22839351
22839430
22839742
22840276
22840428
22840622
22840693
22840974
22841026
22841030
22841038
1943956
1951820
1951821
1952309
1954809
1956103
1958248
1959200
1964874
1969757
8461816
8463421
8465873
8466375
8469479
8473109
8473661
8474726
8475972
8476807
8476833
8477116
8478671
8479708
8480817
8482087
8482442
8482445
8485676
8486878
8486881
8486893
8487350
8487415
8489865
8489987
26524807
26524820
26525132
26525214
26525273
26525699
26525700
26525971
26526006
26526092
26526320
26526568
26527031
26527231
26528652
26528734
26528870
26530850
26531271
26531844
26531861
26531869
26534740
26535498
26535887
26537027
26537063
26537064
26537070
26537076
26537273
26537315
26537355
26537496
26537502
26537531
26537626
26537899
26538267
26538372
26538422
26538506
26538549
26538550
26539550
26539732
26539760
26539834
26540218
26540251
26540571
26541077
26541312
26541593
26541657
26541721
26541732
26541733
26541737
26541865
26542101
26542189
26542442
26542464
26542536
26542743
26542791
26542954
26544063
26544083
26544704
26544813
26545024
26545464
26545826
26545931
26546016
26546119
26546141
26546144
26546187
26546190
26546273
26546587
26546597
26546843
26547124
26547299
26547382
26547425
26547544
26547698
26548997
26549020
26549049
26549913
26550919
26551986
26552044
26552606
26552804
26552806
26553385
26553439
26553826
26554239
26554345
26554394
26554543
26555082
19150101
19150243
19150532
19150541
19150869
19150875
19151273
19152096
19152724
19152909
19153001
19153314
19153494
19153498
19153851
19153926
19154285
19154448
19154449
19154533
19154829
19154837
19154861
19154897
19155150
19155232
19155239
19155407
19155794
19155827
19156628
19156926
19157474
19157573
19157591
19157750
19157763
19157972
19158067
19159035
19159074
19159444
19159473
19159751
19159756
19159944
19160402
19160408
19160427
19160949
19161503
19161754
19161775
19161783
19161886
19162285
19162310
19162363
19162413
19162421
19162443
19162502
19162503
19162559
19162574
19164259
19164336
19164430
19164616
19164798
19165018
19165087
19165537
19165753
19165889
19166530
19166555
19166563
19166613
19166618
19166671
19167036
19167371
19167503
19167798
19167841
19168166
19168233
19168248
19168397
19168462
19168476
19168496
19168768
19169067
19169106
19169176
19169668
19169693
19169724
19169800
19170659
19170956
19171574
19171613
19171619
19171644
19171722
19172030
19172096
19172126
19172205
19172418
19173090
19174250
19174660
19175647
19175841
19176236
19176651
19176953
19176959
19177024
19177432
19177534
19177540
19177860
19177894
19178174
19178389
19178584
19178749
19179026
19179236
19179409
19179427
19179821
19179926
19179939
19179965
19179992
19180474
19181424
19181440
19181634
20058097
20058152
20058192
20058257
20058509
20059369
20059394
20059493
20059568
20059758
20059763
20059768
20059773
20059789
20060337
20060437
20060654
20060749
20061328
20061886
20062901
20063449
20063674
20063934
20064187
20064210
20064823
20065554
20065567
20065570
20065616
20065750
20065752
20065764
20065766
20065773
20065777
20065964
20066524
20066716
20067333
20067448
20067454
20068022
20068309
20068332
20068364
20068370
20068427
20069208
20069426
20069474
20069661
20070321
20070717
20070723
20070762
20071106
20071639
20072025
20073398
20073548
20073551
20074097
20074263
20074371
20074430
20074433
20075020
20075674
20075690
20075750
20075768
20076966
20077141
20077943
20078199
20078393
20078586
20078616
20078791
20079479
20080066
20080144
20080264
20080905
20080980
20081213
20081271
20081281
20081519
20081525
20081555
20081560
20082094
20082348
20082453
20082701
20082827
20082869
20082925
20084031
20084037
20084365
20085214
20085542
20085551
20087085
20087089
20087229
20087244
20087572
20087960
20088163
20088395
20088398
20088451
20088672
20089016
20089666
20090064
21709560
21709587
21709950
21710227
21711203
21711325
21711375
21711438
21712169
21712358
21712471
21712487
21713391
21713427
21713540
21713576
21714316
21714313
21714461
21714914
21715106
21715200
21715297
21715394
21716020
21716118
21716145
21716179
21717301
21718125
21718129
21718397
21719237
21719365
21719418
21719449
21719509
21719530
21719636
21720054
21720207
21720998
21722071
21722946
21722995
21723154
21723515
21723681
21723743
21723806
21724005
21724082
21724099
21724141
21724349
21724700
21724747
21724748
21725105
21725255
21725261
21725521
21726225
21726362
21726443
21726464
21726576
21727156
21727291
21727736
21727881
21728422
21728427
21728778
21729221
21729309
21729325
21729447
21729457
21729464
21729518
21729677
21729808
21730209
21730779
21730783
21730916
21730928
21731138
21731139
21732026
21732108
21732776
21733010
21733033
21733048
21733096
21733209
21733222
21733278
21733614
21733709
21733978
21733979
21734594
21734599
21734791
21734805
21734929
21735082
21735118
21735164
21735184
21735188
21735189
21735276
21736397
21736706
21736754
21736760
21737155
21737233
21737255
21737316
21737328
21737392
21737404
21737764
21737832
21737908
21738060
21738397
21738579
21739197
21739205
21739341
21739879
21740121
21740136
21740315
21740596
21740623
21740669
21740797
8979060
8979201
8979750
8980429
8980436
8982634
8982889
8983387
8984538
8984938
8985508
8985809
8986445
8987089
8988694
8988698
8988817
8989077
8989183
8989329
8990025
8991468
8992629
8993237
8993238
8993249
8993252
8993935
8993951
8994722
8994991
8995992
8996292
8996338
8996368
8997593
8998199
8998202
8998799
9000777
9000781
9001557
9001650
9001773
9003092
9003111
9003849
9003858
9005271
9006466
9006556
9006629
9007653
9007662
12042540
12042544
12042654
12044336
12045627
12045638
12046368
12047300
12047308
12047335
12048094
12048095
12049107
12049313
12049444
12049590
12051095
12051122
12051140
12051381
12051872
12052472
12052594
12052595
12052599
12052993
12053003
12053028
12053545
12053879
12053884
12055113
12055171
12055420
12055568
12056406
12056714
12057699
12058158
12059063
12059064
12060427
12061284
12061363
12061472
12061670
12062265
12062284
12062543
12062604
12062610
12063026
12063215
12063331
12063530
12063533
12063879
12063949
12065342
12065364
12066000
12066093
12066118
12066244
12066433
12066697
12066722
12066733
12066899
12066938
12066940
12067012
12067219
12067270
12067933
12068184
12068532
12069460
12069465
12069563
12069732
12069734
12069738
12070440
12070541
12072121
12072130
12072598
12072673
12072853
12073200
12073205
12073758
12073951
20440731
20440855
20440920
20441023
20441060
20441587
20441663
20441721
20441991
20442163
20442165
20442359
20442437
20442438
20442610
20442671
20442986
20443094
20444107
20444178
20444469
20444571
20444620
20444681
20445113
20445295
20445360
20445709
20445716
20446397
20446535
20446802
20446882
20447354
20447684
20447925
20449665
20450501
20450502
20450849
20451246
20451317
20451428
20451484
20451641
20451938
20452150
20452166
20452266
20452307
20452496
20452895
20452897
20453037
20453061
20453185
20453481
20453483
20453653
20453656
20453767
20453809
20454449
20454795
20455065
20455108
20455196
20455489
20455798
20456100
20456268
20456622
20456625
20456705
20456835
20457676
20457964
20458546
20458623
20459338
20459372
20459536
20459551
20459552
20459840
20460263
20461471
20461515
20461767
20462373
20462666
20462798
20463574
20464155
20464492
20464525
20464542
20464703
20464704
20465315
20465403
20465610
20465736
20466510
20466674
20466753
20466781
20466831
20467406
20467756
20467999
20469966
20469986
20470337
20470666
20470667
20471213
20471342
20471544
20471581
20471858
20472124
20472215
20472269
20472335
20472523
20472568
21262999
21263360
21264752
21264807
21264982
21265012
21265646
21265716
21265920
21265938
21266003
21266400
21266587
21267532
21267575
21267788
21267821
21268690
21269348
21269446
21269515
21269541
21269714
21269890
21269926
21270138
21270496
21270644
21270656
21270697
21270913
21271345
21271350
21272067
21272547
21272727
21272800
21272849
21272876
21272925
21273121
21273225
21273349
21273353
21273757
21273930
21273987
21274485
21274547
21274625
21274759
21275536
21275537
21275549
21276073
21276218
21276338
21276531
21276698
21276704
21276732
21276752
21277010
21277126
21277473
21277479
21277805
21278310
21278586
21278638
21279338
21280106
21280165
21281545
21281668
21283960
21284130
21284346
21284474
21284566
21285095
21285168
21285771
21285779
21285900
21285923
21285973
21286495
21286853
21286886
21287225
21287439
21287660
21287803
21288125
21288151
21288178
21288214
21288219
21288520
21288674
21288748
21288973
21289235
21289523
21289556
21289591
21290131
21290193
21291108
21291522
21291649
21292132
21292236
21292584
21292757
21293148
21293152
21293849
21294069
21294070
21294386
21294405
21294978
21295236
26053613
26054118
26054501
26054869
26055078
26055258
26055612
26056100
26056122
26056156
26057071
26057650
26058340
26058688
26058703
26058754
26058890
26058941
26058988
26058990
26059195
26059257
26059872
26060490
26061089
26061129
26061175
26061428
26061637
26062545
26063071
26064927
26065108
26065369
26065636
26065695
26066293
26066399
26066607
26066762
26066771
26067294
26067394
26067618
26067726
26067862
26067880
26067920
26068631
26068693
26069077
26069929
26069967
26069990
26070036
26070116
26070258
26070283
26070496
26070598
26070637
26070728
26070773
26070775
26070847
26070943
26071017
26071338
26071362
26071404
26071433
26071448
26071450
26071564
26071592
26071871
26071950
26072032
26072181
26073021
26073459
26073635
26073716
26073743
26073845
26074029
26074168
26074359
26074367
26074387
26075389
26075452
26075582
26075646
26075675
26076033
26076180
26076686
26076783
26077040
26077330
26077537
26077866
26077963
26078278
26079317
26079685
26079849
26080202
26080252
26081595
26081719
26081949
26082003
26082091
26082193
26082439
26082515
26083602
26083619
26084127
26084250
24169072
24169190
24169340
24169359
24169413
24169460
24169735
24170132
24170195
24170532
24170598
24170753
24171238
24171913
24171948
24172111
24172190
24172583
24172754
24173486
24174295
24174359
24174633
24175685
24175768
24175784
24175788
24175807
24175841
24175942
24176902
24176955
24177041
24177253
24177255
24177703
24178132
24178863
24178865
24179187
24179289
24180268
24180426
24180633
24182416
24182580
24182818
24183188
24183408
24183459
24183909
24184257
24184748
24185120
24185212
24185550
24186927
24187102
24187617
24188285
24188861
24188939
24189181
24189713
24190078
24190695
24190948
24191944
24192283
24192284
24192472
24194587
24194845
24194901
24194924
24195671
24195847
24196459
24196471
24196546
24197391
24197392
24197488
24197616
24199215
24199217
24199718
24199737
24200186
24200263
24200335
24200638
24201016
24201394
24201457
17937472
17937575
17937749
17937936
17937961
17938369
17938567
17938622
17938849
17939035
17939036
17939060
17939065
17939306
17939316
17939625
17940781
17940784
17941009
17941372
17941910
17941947
17941963
17941983
17941984
17942030
17942040
17942181
17942268
17942439
17942590
17942833
17942994
17943009
17943350
17943358
17943386
17943641
17943984
17944013
17944121
17944161
17944612
17944723
17944980
17945444
17947599
17947828
17948916
17949319
17949330
17949399
17949447
17949448
17949547
17949549
17949555
17949660
17950074
17950354
17950452
17950596
17951321
17952029
17952542
17952595
17952822
17953461
17953759
17953942
17954050
17954051
17954066
17954085
17954145
17954155
17954187
17954198
17954205
17954368
17954417
17955550
17955798
17955839
17955916
17956523
17957049
17957123
17957535
17957730
17957735
17958567
17958912
17958929
17959007
17959685
17959866
17959876
17960066
17960455
17961045
17961255
17961305
17961738
17961885
17962128
17962421
17962438
17962859
17962863
17963006
17963050
17963078
17963123
17963496
17964126
17964310
17964440
17964441
17964446
17964711
17964797
17965040
17965045
17965490
17966440
17966527
17966610
17966618
17967300
17967481
17968295
17968304
17968470
17968791
17968890
17969170
14699030
14699248
14700083
14700100
14700111
14700175
14700237
14700240
14700490
14701770
14701776
14702494
14702930
14703194
14703652
14704247
14704641
14704644
14704817
14705306
14705840
14705845
14706000
14706475
14706665
14706728
14707314
14707397
14707420
14707736
14707742
14707799
14709689
14709933
14710092
14710099
14710280
14711848
14711854
14711855
14712180
14712413
14712425
14712757
14712793
14712946
14712950
14712968
14712988
14713706
14713708
14713765
14713766
14713768
14713790
14713802
14713847
14713944
14715213
14716128
14716494
14716704
14716846
14717417
14717475
14717928
14718491
14718695
14718815
14718828
14718893
14718901
14719146
14719211
14720132
14720528
14720640
14721820
14721993
14722392
14722393
14722628
14723411
14723587
14723651
14724164
14724441
14724773
14725253
14725351
14725567
14725599
14725704
14726074
14726287
14727779
14727781
14727784
14727786
14728602
14728635
14729163
14729438
14729539
14729789
14729882
14730181
14730483
14731158
14731197
14731247
14732376
14732765
21326965
21327142
21327605
21327809
21327920
21328019
21328473
21329290
21329985
21330269
21330275
21330332
21330392
21330449
21330483
21331478
21331511
21331988
21331992
21332546
21332660
21332678
21332740
21332992
21333045
21333101
21333183
21333339
21334248
21334405
21334416
21334493
21334677
21335152
21335153
21335158
21335163
21335345
21335354
21336200
21336235
21336513
21336869
21336879
21336958
21336959
21337547
21337655
21337840
21338198
21338200
21338549
21338897
21338966
21339056
21339481
21339698
21340193
21340194
21340594
21340645
21340646
21341360
21341549
21342386
21342672
21342681
21342771
21343379
21343558
21343566
21343599
21343686
21343713
21343847
21343856
21343861
21343862
21344356
21344453
21345213
21345220
21345594
21345629
21345702
21345845
21345914
21346163
21346181
21346318
21346374
21346381
21346610
21346692
21346693
21346717
21346926
21347649
21347751
21347791
21347792
21347859
21347871
21348212
21348403
21348562
21348783
21348897
21348913
21349022
21349134
21349244
21349369
21349503
21350064
21350245
21350264
21350887
21351205
21351311
21351863
21351877
21351888
21352216
21352390
21352425
21352511
21353131
21353211
21353219
21353309
21353419
21353637
21353828
21353977
21353987
21354021
21354024
21354596
21354688
21354797
21354886
21355067
