14499029
14499049
14499672
14499773
14499777
14500299
14500315
14501446
14501647
14501656
14501689
14501691
14501732
14501771
14502009
14502861
14504121
14504728
14504731
14504836
14504843
14504994
14506201
14506332
14506393
14506552
14507407
14507792
14507796
14507797
14507862
14508024
14508041
14508132
14508212
14508359
14508366
14508617
14510252
14510652
14510862
14511038
14511046
14511161
14511164
14512007
14512510
14512912
14512913
14513130
14513135
14513159
14513984
14514002
14514343
14514504
14514505
14514571
14514572
14514582
14514907
14514932
14514935
14515113
14515115
14515383
14515411
14515659
14516172
14516286
14517789
14518535
19054172
19054175
19054263
19054324
19054457
19054469
19054513
19054819
19055628
19055653
19055837
19056015
19057112
19057171
19057322
19057883
19057906
19058005
19058006
19058069
19058678
19059001
19059172
19059173
19059175
19059391
19059689
19060502
19060507
19060642
19060773
19061136
19061166
19061215
19061455
19061473
19062039
19063649
19063771
19064227
19064233
19064510
19064659
19065020
19065267
19065446
19065459
19065505
19065724
19066006
19066174
19066933
19066984
19067087
19067099
19067698
19067707
19067725
19067815
19067831
19067934
19068542
19068668
19069030
19070439
19070697
19070700
19070833
19070932
19073290
19073296
19073540
19073747
19073749
19073832
19074238
19075207
19076104
19076141
19076664
19077153
19077184
19077302
19077395
19077470
19077633
19077732
19077924
19078820
19078861
19078891
19078910
19080622
19080759
19080941
19081016
19081470
19081477
19081702
19082232
19083069
19083271
19083279
19083595
19083706
19084350
19084432
19084473
19084852
19084990
2913781
18832474
18832598
18833209
18834342
18834512
18834545
18834682
18834749
18835404
18835489
18835955
18836045
18836052
18836852
18836948
18836951
18836961
18837644
18838409
18838417
18838632
18839044
18839122
18839258
18840102
18840103
18840767
18841520
18842304
18842385
18842505
18842512
18842756
18843076
18843856
18844644
18844650
18845036
18845342
18845605
18845705
18845799
18846376
18847153
18847160
18847458
18847471
18847583
18847636
18848106
18848111
18848381
18848687
18849063
18849793
18852188
18852554
18852579
18853071
18853140
18853865
18853871
18854283
18854408
18854475
18854766
18854793
18854879
18855052
18855166
18855231
18855876
18855980
2245667
2249069
2252925
8310922
8310923
8311314
8311324
8311771
8311777
8312414
8313288
8322263
8322399
8323890
8324798
8325050
8326272
8328562
8328736
8332153
8333444
8336875
8336876
8336877
8339411
8339414
8339428
8339590
8339646
1676569
9291221
9291395
9291398
9293828
9293872
9294555
9294621
9294688
9294788
9296654
9297424
9297886
9298338
9298400
9299674
9300292
9300526
9302244
9303011
9303024
9303573
9303663
9304164
9305275
9305300
9305302
9305392
9305718
9306146
9306874
9307533
9307856
9308479
9308930
9309473
9310535
9311181
9311393
9311408
9311471
9311476
9313396
9313652
9314123
9314129
9314241
9314342
9314790
9314809
9315546
9315803
9315810
9315924
9315930
9316181
9316511
9316516
9316523
9317065
9321744
9322630
9323099
9323411
9323738
9323777
9323781
9324155
27005976
27005981
27006119
27006184
27006197
27006322
27006453
27006950
27007091
27007593
27007691
27007867
27009105
27009141
27009148
27009293
27009620
27010139
27010185
27010346
27010505
27010558
27010588
27010782
27011365
27011374
27012013
27012014
27012033
27012035
27012397
27012446
27012459
27012496
27012777
27012823
27012836
27012956
27013057
27013106
27015319
27015335
27015576
27015621
27015754
27015813
27015858
27015892
27016459
27016995
27017011
27017203
27017239
27017401
27017412
27017481
27017482
27017531
27017926
27017944
27018135
27018235
27018402
27018581
27018663
27018875
27018896
27018897
27019139
27019418
27020105
27020110
27020429
27020430
27020431
27020433
27020481
27020630
27020902
27021578
27021746
27021754
27021755
27021851
27022163
27022613
27022639
27025165
27025539
27025568
27026260
27026577
27026643
27026738
27027206
27027479
27028008
27028033
27028495
27029219
27029324
27029549
27030308
27030357
27030577
27030719
27031358
27031471
27032014
27032086
27032312
27032450
27032610
27032703
27033260
27033302
27033311
27033893
27034097
27034118
27034937
27035008
27035571
27035585
27035632
27035694
27035720
27036113
19278137
19278322
19278365
19278384
19279301
19279410
19279423
19279982
19280548
19280552
19281124
19281469
19281671
19282036
19282157
19283523
19284179
19284232
19284315
19284487
19284811
19285235
19285354
19285613
19285974
19286200
19286245
19286343
19286989
19287106
19287182
19288247
19288249
19288285
19288306
19288309
19288311
19289235
19289250
19289384
19289391
19289453
19289552
19289964
19289994
19290460
19290718
19290856
19291559
19291586
19291589
19292776
19292894
19292895
19293054
19293166
19293483
19294321
19294377
19294510
19294632
19295205
19295208
19295245
19295340
19295439
19295456
19295921
19295992
19296462
19296506
19296811
19296812
19296865
19297076
19297243
19298170
19298279
19298412
19298473
19298478
19299032
19299263
19299408
19299434
19300145
19300237
19300316
19300381
19300391
19301023
19301071
19301087
19301452
19301454
19301560
19302257
19303674
19303794
19304679
19305934
19305995
19306064
19306974
19306981
19307134
19307194
19307338
19307399
19307856
19307925
19307951
19309307
19309725
24201860
24202243
24202407
24202618
24203163
24203351
24204103
24204625
24204676
24204724
24204808
24205064
24205122
24205151
24205325
24206026
24206155
24206740
24206764
24206784
24207052
24207110
24209640
24209643
24209671
24209994
24210088
24210157
24210228
24210367
24210425
24210566
24210626
24210690
24210738
24210900
24211108
24211129
24211149
24211409
24212290
24212395
24212768
24212917
24213522
24214281
24214578
24215014
24215045
24215250
24215302
24215547
24215607
24216313
24216331
24216976
24216978
24217040
24217155
24217176
24217301
24217395
24217642
24217782
24217877
24218128
24218308
24218507
24218906
24219201
24219504
24219633
24219821
24219824
24220684
24221827
24221922
24222299
24222321
24222450
24222527
24222829
24223229
24223230
24224648
24224961
24225023
24225042
24225138
24225343
24225527
24227511
24228017
24228727
24228738
24228752
24228840
24229423
24229526
24229729
24230479
24230916
24230998
24231193
24231234
24231569
24231761
24231782
24231892
24231907
24232039
24232067
24232169
24232502
24232820
24233865
24234073
24234516
24235923
24236294
12915922
12916013
12917169
12917280
12917717
12917837
12918553
12918638
12919192
12919231
12920494
12921193
12921607
12921878
12921885
12922954
12923370
12923371
12923372
12924037
12925033
12925059
12925085
12926099
12927882
12927922
12928681
12928687
12929058
12929147
12929295
12930059
12930276
12930440
12930558
12930861
12932149
12932148
12932164
12932794
12932877
12933770
12934443
12934576
12934983
12937195
12937342
12937695
12938580
12939668
12939851
12939891
12940176
12940196
12940782
12940811
12941076
12941718
12942033
12942035
12942588
12943622
12943646
12943816
12943818
12944152
12944340
12944552
12944690
12944729
12945226
12945477
12946742
12947207
12947208
12947257
12947312
12947316
12947329
12947337
12947521
12948037
12948062
12948075
12948106
12949027
24811074
24811114
24811853
24811914
24812117
24812708
24813551
24813775
24813790
24813809
24814041
24814076
24814158
24814235
24814254
24814360
24814545
24814565
24814694
24814775
24814900
24815051
24815063
24815078
24815791
24815823
24815854
24816419
24816637
24816969
24816981
24817023
24817063
24817095
24817156
24817317
24817372
24817394
24817616
24818527
24818628
24818630
24818734
24818821
24819099
24819108
24819199
24819233
24819408
24819637
24819640
24819668
24820031
24820222
24820394
24820464
24820509
24821225
24821755
24823259
24823511
24823517
24823672
24823850
24823975
24824090
24824098
24824104
24824188
24824287
24824410
24824620
24824776
24824801
24825150
24825174
24825336
24825589
24825599
24825947
24825959
24826885
24828413
24828859
24829164
24829184
24829221
24829403
24829951
24830388
24831394
24831443
24831462
24831498
24831827
24831847
24832694
24832826
24832828
24834773
24834797
24834888
24834891
24835717
24835829
24835858
24836086
24836091
24836166
24836173
24836350
24836364
24836443
24836515
24836596
24836657
24836847
24837696
24837713
24838407
24838475
24838519
24838589
24839146
24839145
24839175
24839185
24839322
24839822
24839918
24840138
24840143
24840301
24840305
24840654
24840767
24840909
24841017
24841048
24841560
24841981
24842144
24842175
24842446
16305748
16305870
16305876
16306293
16306466
16306729
16306833
16307339
16307403
16307656
16307934
16307945
16307952
16307954
16308004
16308007
16308014
16308596
16308798
16308808
16309229
16309822
16309984
16310245
16310331
16310343
16310694
16311976
16312175
16313209
16313527
16313531
16313579
16314589
16314640
16315833
16315973
16316846
16316871
16316876
16317608
16317745
16317806
16318414
16318616
16318677
16319259
16319362
16319542
16319767
16320348
16320927
16321343
16321664
16321888
16322116
16322386
16322499
16322607
16322608
16322886
16322917
16322967
16323086
16323611
16323635
16324031
16324060
16324192
16324507
16324525
16325034
16325089
16325314
16325612
16325659
16326297
16326734
16326742
16326800
16326824
16326844
16327608
16328124
16328125
16328612
16328636
16328750
16329017
16329019
16329136
16330090
16330390
16330391
16330393
16330590
16330606
16331305
16331450
16331774
16332470
16332473
16332651
16333535
16333557
16334790
16334798
16335546
16335668
16336062
16336073
16336105
16336285
16336289
16336327
16336328
16336343
16336344
16336380
16336395
16336523
16336553
16336725
16337390
16209984
16210382
16210861
16211125
16211629
16212076
16212454
16213318
16213344
16213399
16213400
16213635
16213700
16213929
16214203
16214473
16214519
16215305
16215310
16215311
16216015
16216341
16216612
16216757
16216763
16216900
16217375
16217493
16217980
16218028
16218079
16218915
16219122
16219360
16219362
16219825
16219846
16219939
16220127
16220218
16220439
16221091
16221107
16221302
16221428
16221523
16221953
16222201
16222205
16222214
16222927
16223424
16223425
16223617
16223736
16224032
16224204
16224303
16224507
16224609
16224678
16225480
16225520
16225600
16225613
16225666
16225700
16226163
16226394
16226395
16226437
16226864
16226960
16227118
16227126
16227551
16227795
16227832
16228175
16228628
16228820
16228840
16228861
16229227
16229363
16229911
16230129
16230148
16230159
16230261
16231034
16231068
16231303
16231401
16231618
16232368
16234029
16234032
16234074
16234079
16234261
16234262
16234423
16234516
16234611
16234663
16235463
16235993
16236193
16236223
16236670
16236855
16236923
16236935
16236961
16238078
16238557
16238856
16238867
16238873
16239239
16239247
16239654
16239841
16239868
25516992
25517069
25517477
25517506
25517595
25517817
25518062
25518900
25519240
25519428
25519787
25519797
25519940
25521085
25521469
25521560
25521663
25521742
25522116
25523137
25523596
25523902
25524458
25524459
25524537
25524612
25524615
25524660
25524962
25525037
25525601
25526014
25526016
25526286
25526387
25526396
25526972
25527047
25527209
25527213
25527299
25527364
25527403
25527473
25528043
25528182
25528468
25528730
25528733
25528864
25529226
25529935
25530159
25530392
25530411
25531045
25531163
25531211
25531449
25531507
25531514
25531584
25532491
25532591
25532714
25532824
25533154
25533752
25533873
25533887
25534054
25534056
25534122
25534172
25534241
25534500
25534755
25534878
25535070
25535122
25535186
25535396
25535691
25535735
25535962
25536065
25536212
25536301
25537379
25537939
25537992
25538109
25539139
25539201
25539258
25539354
25539357
25539542
25539556
25539569
25539684
25539946
25539997
25541101
25541270
25541346
25541411
25542281
25542452
25542816
25543194
25543294
25543522
25543532
25543869
25543999
25544297
25544553
25544986
25545019
25545119
25545124
25545138
25545319
25546050
25546220
25546223
25547053
25547150
25547326
25547856
25547948
25548143
27263823
27264050
27264277
27265532
27265584
27266440
27266653
27267490
27267549
27267607
27268024
27268094
27268112
27268238
27268239
27269646
27270068
27270146
27270411
27270518
27270520
27271187
27271699
27272424
27272818
27274214
27276003
27276004
27276388
27276399
27276753
27277201
27277260
27277599
27278956
27279509
27279554
27280473
27280748
27280942
27281317
27281504
27281727
27281816
27282200
27282230
27282295
27282308
27282689
27283333
27283442
27283592
27283930
27285854
27286076
27286084
27286121
27286123
27286128
27286937
27287048
27287389
27287546
27287684
27287740
27287817
27288213
27288417
27288551
27288787
27289024
27289524
27290799
27290835
27290953
27290959
27291502
27291891
27292442
27294810
27294860
27295086
27295547
27295949
27296322
27296589
27296858
27296870
27297238
27297665
27297706
27298199
27298398
18767916
18768023
18768043
18768088
18768245
18768267
18768306
18769309
18769346
18769802
18771485
18771511
18771566
18771641
18771644
18771645
18771979
18772293
18772304
18772309
18772446
18772748
18773326
18774044
18774096
18774108
18774276
18774360
18774361
18774362
18774726
18774747
18774752
18775818
18775834
18776728
18777032
18777143
18777231
18777429
18777439
18778357
18778379
18778805
18778967
18779291
18779676
18780517
18781274
18781316
18781493
18781602
18781666
18781820
18782209
18782284
18782304
18782400
18782444
18782452
18782734
18782791
18783508
18783672
18783685
18783796
18783976
18784068
18784463
18784566
18784573
18784579
18784586
18784587
18784967
18785255
18785439
18785952
18786135
18786292
18786329
18786980
18787198
18787337
18787374
18787906
18787910
18787911
18788259
18788851
18788983
18788985
18789136
18789418
18789628
18789858
18790418
18790681
18791045
18791047
18791529
18791731
18791953
18792854
18793214
18793301
18793401
18793410
18793424
18793544
18793559
18793564
18794216
18794703
18794756
18794764
18795274
18795669
18796054
18796150
18796500
18796530
18796683
18797051
18797422
18797486
18797857
18797882
18798538
18798717
18798760
18798834
18799052
24909252
24909292
24909477
24909531
24909606
24909862
24909913
24909960
24910962
24910963
24911241
24911616
24911812
24912074
24912140
24913097
24913137
24913188
24913199
24913213
24913242
24913548
24913991
24913994
24914385
24914957
24915163
24915479
24915495
24915975
24916133
24916144
24916199
24916278
24916350
24916465
24916516
24916652
24916747
24916891
24916909
24917083
24917170
24917386
24918120
24918123
24918127
24918331
24918334
24918529
24918696
24918722
24918851
24918962
24918996
24918999
24919068
24919078
24919134
24919373
24919472
24919694
24919866
24920224
24920307
24920576
24921838
24921847
24921952
24922090
24922330
24923262
24923333
24923461
24923487
24923669
24923689
24923739
24924901
24925044
24925524
24925701
24925700
24925947
24926086
24926709
24927224
24927292
24927744
24927752
24927801
24927882
24928334
24928588
24928675
24928822
24929285
24929571
24929642
24929643
24929646
24929662
24929668
24929708
24929832
24930049
24930167
24930444
24930451
24930483
24930500
24930616
24930814
24930859
24931415
24931416
24931922
24932584
24932651
24932664
24932749
24933083
24933102
24933135
24933140
24933524
24933627
24933668
24934083
24934169
24934549
24934550
24934867
24934905
24935201
24935379
24935436
24935463
24935486
24935529
24935590
24935873
24935960
24936098
24936126
24937335
24937545
24937797
24937976
24938394
24938504
24938659
24938674
24939073
24939160
24939274
24939629
24939678
27099106
27100227
27100872
27100968
27101790
27102026
27102352
27102526
27102791
27102848
27102851
27103142
27103211
27103223
27103338
27103535
27103797
27104892
27105469
27105588
27105617
27105694
27105723
27105976
27106114
27106125
27106275
27106640
27107091
27107394
27107601
27107602
27107603
27107732
27107865
27108199
27108295
27108464
27108642
27109203
27109325
27109326
27109334
27109634
27109956
27109968
27111251
27111494
27111622
27112126
27112152
27112344
27112645
27113233
27113238
27113596
27114103
27114200
27114324
27116089
27117284
27118191
27118351
27118696
27118874
27119654
27120317
27120360
27121413
27121705
27121872
27122140
27122674
27123701
27124284
27124735
27124860
27124916
27124920
27125324
27125402
27125601
27125867
27126133
27126136
27126519
27127147
27127833
27128255
27128290
27128475
27129144
27129378
27129447
27129547
27129549
27129705
27129759
27129761
27129850
27130265
27130984
27131015
27131029
27131030
8671820
8672520
8672641
8672906
8672916
8674956
8675425
8675728
8675731
8675928
8677992
8678086
8678154
8678616
8678631
8679731
8679973
8681048
8681597
8681660
8682477
8682757
8683296
8683325
8683762
8683774
8683782
8685334
8685339
8685927
8685928
8686626
8686714
8688131
8688389
8688401
8691519
8692500
8692613
8693212
8693420
8693631
8694671
8694674
8694682
8695091
8696885
8697159
8697169
8697839
27193980
27193982
27194262
27194429
27197526
27197705
27198179
27198456
27198758
27199054
27199180
27199553
27206259
27206523
27207124
27207347
27207358
27207400
27208350
27208546
27208819
27209059
27209615
27209631
27210022
27210065
27210777
27210785
27210822
27211111
27211880
27211892
27212197
27212230
27212690
27212693
27212696
27213251
27213491
27213546
27213822
27213837
27214210
27214607
27215223
27215499
27215701
27216350
27216564
27216572
27216622
27216709
27216800
27216807
27216958
27216959
27217736
27218471
27219017
27219070
27219123
27219303
27219329
27219638
27219879
27220019
27220603
27220851
27220873
27221579
27221923
27221931
27221934
27221958
27222428
27223467
27224221
27225185
27225360
27226660
27227780
27228265
27228957
2188697
12324715
12324727
12350055
12350058
12350441
12350447
12351490
12351559
12351956
12352029
12352048
12352237
12352335
12352344
12352346
12352413
12352776
12353105
12353457
12354266
12354432
12354737
12355330
12355350
12355405
12356189
12356706
12357145
12357257
12358233
12358624
12358660
12358692
12358877
12359204
12359207
12359684
12359796
12359985
12360164
12360176
12360459
12360682
12361157
12361158
12361193
12361411
12362281
12362563
12362707
12364637
12364723
12365016
12365065
12365214
12365378
12365481
12366469
12366478
12366622
12366769
12366896
12368736
1854072
1855017
1860009
1863025
1869496
1882168
1882994
15939386
15939595
15939710
15939719
15939818
15940151
15940487
15940763
15941026
15941435
15941771
15941836
15942089
15942177
15942253
15942442
15942837
15943508
15943516
15943722
15943723
15943733
15943836
15943886
15943984
15944592
15944600
15944853
15945431
15945486
15945525
15946107
15946108
15946116
15946265
15946338
15946379
15946690
15946909
15947240
15947647
15947734
15947876
15948057
15949102
15949470
15949593
15949596
15949730
15949737
15951312
15951456
15951458
15951533
15951650
15951724
15951736
15951882
15951905
15952179
15952196
15952945
15953132
15953490
15953599
15954508
15954874
15954931
15954964
15955012
15955150
15955257
15955751
15955776
15955777
15956120
15956635
15956807
15956927
15957995
15957998
15958252
15958396
15958757
15960566
15960637
15960692
15961193
15962605
15962735
15962878
15963117
15963119
15963141
15963227
15963306
15963397
15963405
15964128
15964366
15964382
15964417
15964751
15965145
15965197
15965201
15965405
15965641
15965811
15966176
15966201
15966382
15966473
15966476
15966512
15966932
15966947
15967644
15967762
15967852
15967900
15968246
15968252
15968415
15968443
15968551
15968891
15969640
15969691
15970320
15970321
15970323
15970326
15970422
26084569
26084737
26084786
26085391
26085978
26086825
26086943
26087653
26087774
26087789
26087803
26087841
26088051
26088661
26088921
26088934
26089107
26089159
26090730
26090885
26090970
26090980
26091158
26091409
26091436
26091531
26091595
26091601
26091848
26091906
26092008
26092547
26092590
26092677
26092767
26093483
26093532
26093700
26093717
26093868
26093873
26093935
26093954
26094100
26094528
26095232
26095333
26095551
26095619
26095773
26096107
26096256
26096344
26096484
26096533
26096586
26096832
26098025
26098324
26098543
26098673
26099341
26099637
26099641
26099795
26099805
26100169
26100254
26100255
26100256
26100285
26100448
26101097
26101116
26101993
26102385
26102390
26103779
26104025
26104432
26104930
26105125
26105572
26106038
26106104
26106209
26106650
26107000
26107572
26107718
26108216
26108264
26108386
26108860
26109151
26109332
26109543
26109817
26110249
26110340
26110810
26111774
26112263
26112353
26112633
26112821
26112846
26113111
26113281
26113471
26113486
26114175
26114250
26114286
26114457
26114534
26114869
26115364
26716722
26716836
26717522
26718092
26718224
26718351
26718700
26718778
26718779
26718815
26719313
26719379
26719486
26719489
26719960
26719985
26720009
26720060
26720429
26720598
26721003
26721291
26722826
26722991
26723288
26723715
26723859
26723981
26724422
26725132
26725453
26725539
26725689
26727685
26727745
26727891
26727932
26727972
26728200
26728514
26728519
26728543
26728797
26728899
26729380
26729381
26729545
26729855
26730526
26730546
26731403
26732135
26732269
26732767
26733054
26733210
26733450
26734675
26734890
26735295
26735391
26738216
26738356
26738505
26738669
26738900
26739591
26740165
26740385
26741387
26741637
26741642
26742258
26742388
26742673
26742919
26744066
26744870
26745148
26745339
26745698
26746221
26746410
26747011
26747032
26747839
26747922
26748629
26748825
26748829
26749122
26749392
26749484
23651129
23651170
23651274
23651467
23651734
23651913
23651952
23652038
23652328
23652417
23652418
23652743
23652744
23652754
23652788
23653018
23653099
23653100
23653103
23653132
23653220
23653236
23656346
23656544
23656727
23656803
23657509
23657547
23657674
23657878
23657938
23658033
23658043
23658129
23658388
23658426
23658437
23658620
23658741
23659019
23659198
23659552
23659777
23659900
23659920
23659946
23660152
23660564
23660716
23660936
23661183
23661260
23661300
23661350
23662291
23662640
23662746
23662834
23662875
23663185
23663293
23663487
23663661
23664039
23664234
23664266
23664379
23664570
23664808
23665059
23665269
23665642
23665763
23665830
23665987
23666488
23666587
23666975
23667532
23668425
23668554
23668848
23668850
23668903
23669053
23669473
23669635
23670493
23670674
23670820
23671203
23671227
23672243
23672331
23672409
23672435
23672520
23672623
23672756
23672929
23673064
23673393
23673777
23673899
23674013
23674264
23674526
23674531
23674937
23675436
23675548
23675991
23676120
23676163
23676263
23676324
23676521
23676774
23676885
23676887
23677140
23677210
23677316
23677522
23677857
23678962
23678972
23678998
23679323
23679861
23679869
23680066
23680270
23680407
23680652
23680708
23680833
23680838
23681148
23681186
23681516
23681546
23681699
23682005
23682107
23682599
23683153
23683323
23683345
23683511
23683712
22943104
22943293
22943307
22943333
22943334
22943664
22944081
22945273
22945274
22946252
22946700
22946891
22947372
22947490
22947524
22947531
22947543
22948094
22948126
22948132
22948203
22948262
22948389
22948390
22948413
22948507
22948667
22949278
22949290
22949362
22949369
22949574
22949584
22949726
22950716
22951149
22951177
22952064
22952120
22952289
22952305
22952384
22952649
22952735
22953670
22953676
22953994
22954166
22954226
22954386
22954411
22954546
22955067
22955529
22955952
22956042
22956613
22956704
22957536
22957678
22957829
22957902
22958050
22958403
22958659
22958662
22959159
22959262
22959762
22959852
22959879
22959974
22960236
22960968
22961066
22961292
22961315
22961933
22962053
22963163
22963278
22963450
22963506
22963769
22963844
22964169
22964271
22964334
22964366
22964671
22964674
22964984
22965159
22965262
22965401
22965461
22965491
22965536
22965538
22965574
22966091
22966868
22967013
22967110
22967136
22967821
22968078
22968101
22968257
22968355
22968536
22968837
22968978
22969232
22970691
22971253
22971653
22971719
22971938
22972422
22972489
22972567
22972569
22972653
22973442
22974061
22974077
22974193
22974318
22974324
20698844
20699348
20699605
20699735
20699755
20700594
20700672
20700673
20700676
20701467
20701468
20701471
20701544
20701819
20701868
20701990
20702467
20703467
20703936
20703968
20704603
20704630
20704770
20705307
20705566
20705868
20705870
20706066
20706149
20706151
20706153
20706285
20706879
20707045
20707613
20707656
20707794
20708062
20708101
20708130
20708169
20708274
20708750
20708756
20708782
20708806
20708836
20708844
20709191
20709372
20709391
20709585
20709663
20709891
20710062
20710107
20711084
20711502
20712416
20712542
20712752
20712811
20713363
20713435
20713611
20713615
20713872
20714141
20714189
20714733
20714981
20715088
20716036
20716562
20717045
20717068
20717687
20717910
20718968
20718978
20718981
20719041
20719297
20719563
20720059
20720072
20720253
20720451
20721517
20721696
20721901
20722040
20722784
20722793
20722881
20722981
20723032
20723207
20723215
20723278
20724065
20724066
20725697
20726748
20726938
20727058
20727095
20727253
20727313
20727786
20728002
20728072
20728101
20728137
20728139
20728155
20728158
20728159
20728173
20728227
20728416
20728874
20728977
20728981
20729422
20729458
20729511
20729688
20729794
20730049
20730505
20730717
20730723
20730987
24457631
24458053
24458054
24458167
24458241
24458474
24458543
24458934
24459131
24459138
24460006
24460026
24460300
24460344
24460453
24460458
24460472
24460798
24460852
24460878
24461030
24461031
24461162
24461225
24461764
24462012
24462030
24462297
24462344
24462548
24462812
24463220
24463334
24463356
24463718
24464258
24464301
24464508
24464660
24464683
24464769
24464775
24464868
24465024
24465389
24465543
24465561
24465720
24465804
24466323
24467997
24468006
24468027
24468130
24468298
24468516
24468523
24469255
24469877
24469883
24469930
24469958
24470336
24471573
24471848
24472184
24472283
24472315
24472335
24472517
24472664
24472676
24472705
24472743
24472759
24472889
24473761
24474322
24474476
24474523
24474637
24475031
24475305
24475574
24475813
24475833
24475845
24476806
24476905
24476947
24477081
24477419
24477425
24477475
24477520
24477743
24477771
24477790
24477937
24477988
24478265
24479516
24479633
24479675
24479729
24479815
24479829
24480135
24480237
24480262
24480515
24480618
24480901
24480940
24480946
24480953
24481033
24481247
24481403
24481651
24481825
24481990
24482060
24482152
24482215
24482216
24482573
24484258
24484717
24485111
24485113
24485328
24485392
24485478
24485874
24485910
24485930
24485975
24485996
24486686
24486846
24487006
24487645
24488253
24488355
24488414
24489072
11099062
11099063
11099170
11099590
11099600
11099663
11099745
11099749
11100360
11100379
11101540
11101543
11101704
11101728
11104112
11104517
11104623
11105183
11105545
11106319
11107077
11107080
11107091
11107979
11108753
11108760
11109037
11109214
11109941
11110503
11111106
11111218
11111776
11112721
11112722
11112864
11113047
11113223
11113443
11113729
11113758
11113839
11114641
11114642
11114679
11115030
11115037
11115198
11115207
11115328
11115436
11116415
11117334
11118249
11118405
11119037
11119092
11119120
11119267
11120532
11120546
11120897
11121985
11121989
11122209
11123489
11124071
11124173
11125356
11125361
11125378
11125411
11125689
