10450389
10450484
15139730
15139827
15139876
15139935
15139943
15140345
15140349
15140516
15140814
15141757
15141794
15142087
15142165
15142419
15143118
15143290
15143447
15143879
15143905
15143912
15143937
15144130
15144245
15144426
15144437
15144467
15145095
15145098
15145146
15145149
15145862
15146002
15146014
15146230
15146284
15146335
15146337
15146407
15147465
15147615
15148049
15148102
15148645
15149506
15150351
15151358
15151546
15151669
15151702
15151792
15152138
15153057
15153242
15153262
15153324
15153821
15154617
15155438
15155702
15156117
15156130
15156208
15156419
15157207
15157290
15157298
15159046
15159047
15159700
15160543
15160550
15161949
15162287
15163137
15163935
15163940
15164788
15165264
15165413
15165784
15165974
15166199
15166210
15166265
15166488
15166647
15166957
15167176
15167177
15167323
15167326
15167345
15167513
15167641
15167648
15167727
15167822
15167865
15167873
15167876
15168045
15170031
15170278
15170435
15170517
15170935
19021072
19021487
19021606
19021608
19021623
19021965
19021981
19022129
19022534
19022870
19023108
19023274
19023612
19023623
19023691
19023731
19023733
19023853
19024928
19025037
19025520
19026120
19026121
19026124
19026262
19026400
19026796
19026799
19026828
19027649
19027961
19027969
19028138
19028274
19029069
19029228
19029416
19029468
19029534
19030843
19031078
19032204
19032448
19032516
19032537
19032569
19032722
19032807
19033007
19033180
19033224
19033260
19033683
19033693
19033730
19034049
19034182
19034221
19034253
19034343
19034425
19034565
19034569
19034587
19034679
19034750
19034824
19035177
19035539
19035543
19036153
19037034
19037769
19038040
19038463
19038591
19038854
19039190
19039213
19039267
19039332
19039742
19039903
19040145
19040299
19040783
19040813
19040814
19040924
19040943
19040946
19040987
19041011
19041019
19041023
19041126
19041211
19041502
19041571
19041816
19041969
19042472
19043322
19043471
19046224
19046326
19046335
19046467
19046728
19046842
19047559
19048383
19048384
19048764
19048984
19049564
19049688
19049703
19049707
19049724
19049754
19049758
19050000
19050573
19050639
19050655
19050663
19050937
19051091
19052245
19052668
11379362
11379672
11379674
11380066
11380227
11380287
11380382
11380818
11380860
11381003
11381810
11382253
11382263
11382638
11382832
11383316
11383791
11383806
11384139
11384574
11384803
11385329
11385370
11385382
11385917
11386626
11386893
11387792
11388212
11388525
11388933
11388934
11389237
11389414
11389740
11390716
11391137
11391151
11391360
11391371
11392590
11392598
11393064
11393667
11395224
11395229
11395613
11395819
11396040
11396125
11396373
11396527
11396534
11396759
11396761
11396814
11398036
11398701
11398733
11398943
11399693
11399714
11399722
11399811
11399880
11401113
11401118
11401127
11401212
11401661
11402385
11403116
11403506
11403756
11404133
11404148
11404604
11404626
11404641
11405089
11405328
11405402
11407080
11407700
11408754
11408848
11408862
11408868
11408870
11408871
11408879
17331454
17331691
17331803
17331831
17332184
17332189
17332199
17332302
17332466
17333160
17333386
17333522
17333530
17333604
17333606
17334832
17334988
17335051
17335307
17335327
17335354
17335635
17336307
17336663
17337009
17337283
17337344
17337759
17338736
17338738
17338808
17338896
17339093
17339516
17339902
17341236
17341241
17341298
17341471
17341748
17341862
17341895
17342296
17342514
17342557
17342656
17343319
17343555
17343725
17343732
17343925
17344576
17346252
17346383
17346403
17346408
17346484
17346535
17346623
17347161
17347472
17347623
17347859
17349468
17349882
17350159
17350557
17351223
17351225
17351226
17351230
17351231
17351258
17351277
17351368
17351433
17351560
17351725
17351804
17352981
17353017
17353076
17353206
17353578
17353772
17354026
17354065
17354082
17354152
17355184
17355358
17355524
17355584
17355587
17355633
17355769
17355772
17356250
17356254
17356391
17356968
17356989
17357036
17357115
17357291
17357345
17357432
17357435
17357765
17357780
17357848
17360296
17360737
17361393
17361754
17362187
17362214
17362365
17362504
17362539
17362702
17362762
17362784
25580084
25580756
25580889
25581085
25581163
25581379
25581624
25581975
25582744
25582815
25582823
25582998
25583093
25583286
25583466
25583519
25583558
25583645
25583836
25583854
25584473
25584716
25584944
25585062
25585075
25585077
25585085
25585482
25585782
25585912
25586226
25586279
25586319
25586368
25586775
25586815
25586938
25587017
25587018
25587178
25587179
25587848
25588021
25588081
25588189
25588330
25588619
25588644
25588747
25588782
25589679
25589680
25590321
25590324
25590446
25590666
25591035
25591446
25591724
25591805
25591836
25591947
25591981
25592102
25592160
25592727
25592908
25592963
25594140
25594221
25594222
25594239
25594324
25594877
25595036
25595047
25595418
25595714
25595827
25595868
25596067
25596361
25596377
25596486
25596571
25596752
25597297
25597342
25597821
25597982
25598093
25598118
25598178
25598235
25598334
25598937
25599244
25599466
25599654
25599710
25599769
25599771
25599783
25599819
25600429
25600493
25600860
25601586
25601763
25602197
25602907
25602942
25603456
25603821
25604139
25604151
25604153
25604366
25604778
25604852
25605032
25605045
25605147
25605514
25605811
25605829
25607124
25607222
25607389
25608156
25608243
25608268
25608556
25608558
25608590
25608805
25609098
25609316
25609322
25609541
25611101
25611142
17299908
17300360
17300555
17300631
17301107
17301116
17301584
17301932
17302513
17302589
17302601
17302662
17302713
17302864
17303137
17303347
17303368
17303586
17303768
17303954
17304076
17304098
17304129
17304142
17305274
17305965
17306393
17306489
17306554
17306675
17307394
17307461
17307715
17307890
17308218
17308220
17308330
17308383
17308436
17308527
17308554
17308730
17308947
17309009
17309399
17309536
17309557
17309897
17309965
17310296
17310313
17310555
17311093
17311808
17312028
17312070
17312488
17312494
17312500
17312565
17312667
17312831
17313503
17313537
17313631
17313948
17314062
17314069
17314121
17314522
17315132
17315386
17315525
17316212
17316489
17316519
17316525
17316546
17316936
17317917
17318080
17318286
17318310
17318323
17318337
17318351
17318438
17318547
17318955
17319100
17319886
17319927
17320010
17320527
17320624
17320671
17321447
17321460
17321946
17321950
17322093
17322500
17322651
17322950
17323044
17323240
17323333
17323606
17324094
17324100
17324102
17324176
17324221
17324280
17324767
17324784
17325066
17325070
17325824
17326795
17327309
17327363
17327717
17327723
17328058
17328817
17329315
17330331
17330393
17330796
17331143
8104929
8109599
8110225
8111527
8113057
8113564
8113892
8115068
8116710
8118089
8119530
8119819
8120306
8120309
8120682
8120683
8121725
8121730
8124174
8126350
8126352
8126534
8129454
8129460
8129489
8130287
8130302
12495758
12495775
12498601
12499325
12499419
12499483
12499486
12499711
12499803
12499886
12499887
12500007
12500047
12500052
12500270
12500730
12500886
12501029
12501050
12501066
12501072
12501129
12501952
12502024
12503503
12503888
12504051
12504058
12504638
12504640
12504976
12505107
12505484
12505560
12505733
12507072
12507077
12507538
12507734
12507800
12508377
12508773
12509365
12509553
12509561
12509574
12509611
12510077
12510229
12510549
12511161
12511322
12511667
12511685
12511712
12511723
12512663
12512927
12514581
12514629
12514651
12516321
12517641
12517652
12517688
12518119
12518131
12518133
12518358
12519106
12519415
12519640
12520660
12520839
12521344
12522532
12523590
12524412
12525386
12525408
12525792
12817865
12817866
12817870
12818254
12818273
12818277
12818288
12818471
12819160
12819278
12819527
12819651
12820480
12821275
12821368
12821423
12821690
12821705
12821733
12821966
12822630
12822631
12823085
12823113
12823116
12823158
12823381
12824942
12824971
12825001
12825134
12825857
12826168
12826213
12826224
12826911
12827120
12827329
12827509
12827584
12828069
12828103
12828743
12829085
12829143
12830050
12830064
12830066
12830466
12831487
12831918
12831942
12832373
12832377
12832733
12832972
12833198
12833232
12833778
12834172
12834313
12834417
12834504
12834520
12834524
12835347
12835590
12835630
12835659
12836649
12837416
12837420
12837427
12837676
12837904
12838238
12839120
12839718
12839844
12839857
12840618
12841015
12841414
12841421
12841666
12841858
12842060
12842225
12842302
12842841
12843722
12844017
12844102
12845211
12845264
12845290
12845952
12845983
12846005
12846406
12846686
12846744
12847159
12847499
12847627
12010893
12011209
12011655
12011764
12011813
12011913
12012878
12013156
12013323
12014936
12014984
12015246
12015507
12015514
12015836
12015929
12016041
12016080
12017143
12018204
12018448
12018634
12018691
12018767
12019006
12019008
12019050
12019371
12019426
12019594
12019666
12021524
12021560
12021676
12021684
12021690
12022095
12022123
12022369
12022521
12023262
12023265
12023430
12023691
12023707
12025445
12025834
12027039
12027044
12027052
12027054
12027073
12027128
12027272
12027816
12027848
12027905
12027907
12028118
12028172
12028258
12028299
12028311
12028876
12029310
12030520
12030628
12031030
12031139
12032202
12032203
12033147
12033380
12033978
12034127
12034154
12034392
12034631
12034911
12034934
12034985
12035006
12035043
12035993
12036525
12036790
12036809
12037023
12037645
12037711
12037757
12037933
12038934
12039108
12039112
12039514
12039701
12040493
12040758
12040817
12042102
12042103
12042195
12042286
12718454
12718455
12718758
12719039
12719089
12719688
12719690
12719842
12719999
12720175
12720187
12720189
12720196
12721685
12722041
12723305
12724694
12724705
12725257
12725357
12725662
12725671
12725844
12726707
12726869
12726873
12726901
12727153
12727479
12727532
12727557
12727563
12728088
12728109
12728128
12728383
12728568
12728742
12729866
12729868
12729984
12730285
12730536
12731252
12732393
12732494
12732767
12733778
12733959
12734093
12734519
12734653
12735409
12735413
12735557
12736000
12736618
12737281
12737299
12738044
12738048
12738311
12738321
12738457
12738897
12738979
12739836
12740072
12740074
12740490
12740620
12741077
12741408
12742195
12742791
12742794
12742809
12742880
12742958
12742959
12742998
12743338
12743344
12743418
12744366
12744420
12744909
12745196
12745612
12745615
12746207
12747228
12747268
12748077
12748134
12748156
12748224
12748486
12748792
12749182
12749648
12749680
12750112
12750598
27748202
27748276
27748787
27749204
27749479
27749502
27749509
27749535
27749756
27751191
27751200
27751422
27751784
27752732
27752776
27753087
27753090
27753101
27753283
27753558
27755154
27755458
27755601
27756211
27756348
27756352
27756438
27756470
27756710
27756795
27757843
27758993
27759407
27759432
27759433
27759711
27759891
27760280
27763776
27763798
27763954
27763960
27764132
27764144
27764208
27764729
27764835
27765308
27765547
27766639
27766925
27766970
27767977
27768004
27768222
27768559
27768565
27768838
27769078
27769239
27769269
27769525
27769662
27770196
27770240
27770800
27771359
27771536
27773374
27773376
27773471
27773774
27774618
27775826
27776095
27776490
27776642
27776666
2656959
22576023
22576061
22576067
22576268
22576425
22576459
22576644
22576884
22577060
22578042
22578135
22578154
22578223
22578342
22578582
22578588
22578590
22578643
22578659
22578985
22579297
22579462
22580120
22580362
22580587
22580624
22580657
22580719
22580876
22580973
22581193
22581209
22581295
22581546
22581621
22582226
22582478
22582706
22582974
22583094
22583177
22583382
22583462
22583789
22584028
22584408
22584439
22584487
22584631
22584635
22584793
22584838
22584875
22584885
22584958
22585359
22585400
22585648
22585666
22586159
22587445
22587805
22587852
22587975
22587995
22588032
22588267
22588381
22588472
22588475
22588957
22590998
22591054
22591761
22592101
22592202
22592833
22593005
22594347
22594876
22594949
22595029
22595560
22595575
22595583
22595641
22595731
22595846
22595909
22595922
22595979
22596245
22605389
22605511
22605649
22605925
22606680
22607242
22607536
22607715
22607740
22607812
22608056
22608160
22608204
22608397
22608671
22608851
22609176
22609197
22610526
22610527
22611181
22611965
22612415
22612453
22613305
22613770
22614000
22614212
22614681
22614793
22614798
22614905
22614935
22615029
22615064
22616080
22616318
24038508
24038767
24038858
24039096
24039188
24040056
24040282
24040632
24040864
24040926
24040931
24041117
24041292
24041394
24041766
24042304
24043341
24043448
24043536
24043552
24043666
24044471
24044483
24044779
24044793
24044797
24044804
24045349
24045390
24045433
24045589
24045721
24045936
24046006
24046175
24047451
24047488
24047570
24047669
24047677
24047714
24048089
24048369
24048694
24048783
24049019
24049020
24049023
24050029
24050031
24050032
24050781
24050927
24051067
24051069
24051237
24051367
24051483
24051658
24051676
24051740
24051992
24052067
24052184
24053106
24053281
24053319
24053353
24053437
24053448
24053691
24053749
24054178
24054364
24054376
24054387
24054788
24055364
24055425
24055550
24056069
24056268
24056376
24056397
24056624
24056645
24056811
24057078
24057262
24057276
24057575
24057894
24058078
24058681
24059257
24059372
24059385
24059386
24059560
24059873
24059909
24060176
24060193
24060335
24060789
24061145
24061346
24061507
24061633
24061697
24061715
24061847
24061977
24062408
24062411
24063362
24063425
24063510
24063552
24063593
24063601
24063639
24063703
24064317
24064557
24064714
24064871
24064880
24065070
24065172
24065418
24065625
24065737
24066296
24066989
24067080
24067132
24067331
24067528
24067750
24068441
24068572
24069257
24069342
18573961
18573968
18574512
18574640
18574645
18575182
18575293
18575418
18576241
18576289
18576343
18578656
18578657
18578665
18578822
18579234
18579497
18579553
18579577
18579834
18579978
18580216
18580253
18580363
18580376
18580378
18580393
18580396
18580397
18580436
18580509
18580533
18580994
18581021
18581594
18581668
18582180
18582196
18582524
18582616
18582617
18582886
18582950
18583390
18583399
18583629
18583631
18583787
18584273
18584282
18584384
18584417
18584496
18584516
18584859
18584946
18585510
18585511
18585559
18585570
18585676
18586308
18586411
18586834
18587253
18587365
18587622
18588404
18588612
18588670
18588674
18588739
18588741
18588751
18588778
18589142
18589360
18590030
18590381
18590466
18590494
18591172
18591399
18592105
18592252
18592264
18592790
18593417
18593461
18593516
18593757
18594756
18595013
18595431
18595488
18595960
18596071
18596477
18596499
18596714
18597109
18597142
18597147
18597407
18597739
18597834
18597839
18598118
18598322
18599082
18599574
18600021
18600023
18600212
18600285
18600412
18601732
18601756
18602148
18602295
18602604
18604045
18604487
18604626
18605189
18605354
14765841
14765938
14767301
14767332
14767593
14767751
14767774
14767781
14767797
14768204
14768207
14768755
14768852
14768917
14768926
14768962
14769518
14770046
14770391
14770424
9816376
9817089
9817247
9817249
9817302
9817322
9817327
9818836
9818842
9819168
9819730
9819734
9819854
9820353
9820394
9821030
9821035
9821700
9821941
9821983
9821996
9822315
9822463
9822490
9822495
9822502
9822512
9822925
9822931
9822954
9823554
9823800
9823811
9824277
9824348
9824521
9824925
9825325
9825751
9825827
9826034
9826793
9827344
9827442
9828781
9829360
9829611
9830183
9830669
9831402
9832662
9833353
9833995
9834047
9834800
9834865
9835134
9835258
9835466
9835468
9835471
9836017
9836158
9836761
9839030
9839579
9839593
9840077
9840103
9840153
9840245
9840788
9842083
9843005
9843221
9843613
9844835
9844944
9844945
9845138
9845408
9845595
9845598
9845658
9845854
9845855
9846242
15777383
15777391
15778254
15778642
15778810
15779540
15780018
15780056
15780355
15780359
15780367
15780411
15780529
15780684
15780689
15780704
15780793
15781794
15782054
15782997
15783111
15784068
15784220
15784358
15784362
15784372
15784374
15784377
15784483
15784630
15785035
15785091
15785989
15786672
15786853
15786888
15787328
15787334
15787668
15787824
15788076
15788345
15788810
15788823
15788984
15790395
15790430
15790434
15790447
15790481
15790712
15790950
15790987
15791038
15791045
15791102
15791104
15791280
15791281
15791368
15791504
15792186
15792384
15792385
15792758
15792765
15793027
15793182
15793439
15793497
15793637
15793644
15793727
15793737
15794395
15796941
15797047
15797072
15797297
15797674
15797738
15797739
15797896
15798139
15798153
15798161
15798422
15799928
15800138
15800142
15800157
15801341
15802033
15802396
15803237
15803893
15804328
15804473
15805322
15805343
15805372
15805879
15807217
15807225
15807720
15807870
15807909
15808372
15808374
15808388
15808636
15808674
26555195
26555221
26555495
26555583
26555631
26555711
26555728
26556007
26556293
26556576
26556728
26556767
26557677
26557728
26558722
26558741
26559354
26559877
26559995
26560151
26560160
26560191
26561249
26561343
26561361
26561419
26561424
26561618
26562009
26563611
26563647
26563768
26564217
26564243
26564269
26564291
26564292
26564378
26564791
26564934
26565425
26565438
26565668
26565709
26565967
26566076
26566779
26566993
26567054
26567331
26567552
26567813
26567818
26568367
26569062
26569078
26569184
26569368
26569392
26569630
26569648
26571054
26571056
26571061
26571304
26571433
26571458
26571503
26572096
26572617
26572739
26572779
26572852
26573011
26573235
26573305
26573484
26573486
26573620
26573999
26574235
26574564
26574703
26574834
26575380
26575995
26576553
26576693
26576699
26576767
26577125
26577455
26577545
26577949
26578098
26578172
26578260
26578479
26579638
26579957
26580099
26580352
26580473
26581092
26581146
26582211
26582310
26582345
26582462
26582757
26583660
26583678
26583822
26584023
26584181
26584192
26584412
26584574
26584662
26585382
26585596
26585947
26585968
26586029
26586319
26586349
26586360
26586445
26586474
26586475
26586858
26974509
26974676
26974832
26974888
26975694
26975936
26976065
26977824
26978767
26978884
26979001
26979713
26979744
26979862
26979910
26980183
26980229
26980318
26980353
26980461
26980557
26980635
26980694
26980863
26982262
26982496
26982686
26982776
26982954
26983093
26983832
26983849
26983859
26984030
26984036
26984181
26985694
26986208
26986224
26986546
26986684
26986748
26987069
26987621
26988352
26988573
26988883
26990304
26990375
26990879
26990891
26991150
26992412
26992472
26992719
26992726
26992848
26993134
26993155
26993171
26993570
26993638
26993659
26993979
26994385
26994455
26994517
26994519
26994655
26994761
26994762
26995480
26995537
26995560
26995572
26995593
26995792
26995942
26996273
26996380
26996453
26996480
26996750
26997429
26997468
26998779
26998836
26998882
26999260
26999475
26999722
27000659
27000683
27000803
27000865
27000998
27001372
27001801
27002161
27002215
27002285
27002663
27002968
27003099
27003195
27003665
27003711
27003831
27003997
27003999
27004659
27004681
27004684
27004766
27004839
25895005
25895071
25895162
25895232
25895654
25896135
25896566
25896569
25896823
25896824
25896861
25896864
25897027
25897151
25897297
25897661
25898174
25898240
25898474
25898711
25899029
25899215
25899245
25899414
25899416
25899477
25899735
25899821
25899981
25900198
25900312
25900355
25900466
25900732
25901550
25901836
25901978
25902079
25902099
25902396
25902857
25902864
25902911
25903046
25903474
25903478
25903546
25903652
25903762
25903842
25903852
25903941
25903963
25904144
25904209
25904350
25904413
25904518
25904648
25904768
25905430
25905441
25905530
25905585
25905601
25905691
25905945
25906183
25906334
25906368
25906441
25906701
25906702
25906756
25906764
25906984
25907325
25907328
25907583
25907763
25907851
25907948
25908106
25908461
25908573
25908837
25909311
25909410
25909412
25909651
25909655
25909704
25910192
25910300
25910476
25910747
25910777
25910820
25910841
25910994
25911108
25911216
25911604
25911706
25911868
25911995
25912017
25912072
25912366
25912590
25912599
25912773
25912995
25913167
25913219
25913297
25913475
25913730
25913904
25913918
25915492
25915782
25915913
25916050
25916059
25916170
25916400
25916431
25916613
25916789
25916834
25916876
25917174
25917424
25917519
25917540
25917823
25917998
25918008
25918718
25918882
25919011
25919438
25919450
25920341
25920382
25920434
25920693
25921055
25921187
25921380
25921674
25921688
25921850
25921966
25922054
25922112
25922270
25922363
25922471
25922970
25923145
25923257
25923423
25923483
25923516
25923940
25924030
25924053
25924623
25925037
25925088
25925485
25925662
25925851
25926039
25926129
25926435
23039931
23040198
23040625
23040696
23040925
23041108
23041364
23042221
23042313
23042460
23042603
23042939
23043576
23043866
23043868
23044242
23044349
23044365
23044654
23044674
23044678
23044679
23045516
23045536
23046046
23046299
23047842
23047887
23049695
23050587
23050804
23050865
23050867
23051068
23051619
23051834
23052114
23052159
23052280
23052376
23052377
23052432
23052492
23052494
23052509
23052520
23052695
23053141
23053290
23053313
23053750
23054123
23054519
23054521
23055286
23056342
23057590
23057707
23057761
23057871
23057873
23058644
23059018
23059484
23059611
23060282
23061061
23061063
23061401
23061533
23061650
23061720
23062122
23062385
23062480
23062653
23062663
23062706
23062725
23062780
23062811
23062812
23063028
23063249
23063313
23063376
23063398
23063430
23063580
23063634
23063652
23063703
23063946
23064005
23064277
23064280
23064386
23064478
23064844
23065035
23065073
23065317
23066363
23066738
23067070
23067236
23067915
23068060
23068082
23068085
23069208
23069487
23070409
23070734
23070785
23070802
23070876
23070943
23071000
23071085
23072275
23072310
23072336
23072524
23072702
23072962
23073484
23073532
23073656
23073657
23074135
23266717
23266824
23268587
23269195
23269595
23270789
23270854
23270934
23271088
23271090
23271105
23271380
23271394
23271408
23271517
23271796
23272656
23272950
23273073
23273169
23273384
23273496
23273550
23273652
23273685
23273770
23273881
23273908
23274125
23274230
23274322
23274504
23274611
23274780
23274868
23275359
23275361
23275404
23275628
23276416
23277657
23278139
23278252
23278274
23278476
23278615
23278910
23279202
23279388
23279408
23279576
23279633
23279793
23280086
23280282
23280363
23280430
23281590
23281706
23281862
23281900
23281904
23283042
23283260
23283261
23283267
23283379
23283396
23283569
23283673
23283676
23283677
23284075
23285105
23285295
23285518
23286222
23286308
23286455
23286826
23287397
23287588
23287751
23287759
23287766
23287823
23287844
23287905
23287959
23287962
23288175
23288275
23288719
23288974
23289002
23289274
23289406
23289650
23290122
23290428
23290526
23290747
23291623
23291701
23291703
23291858
23291972
23292367
23292460
23292548
23292552
23292618
23292641
23292669
23292887
23294140
23294338
23294383
23294446
23294486
23294511
23294538
23294696
23294736
23294816
23294916
23295278
23295365
23295421
23295780
23295827
23296994
23297321
23297685
23297711
23297725
23297760
25453201
25454024
25454099
25454282
25454290
25454329
25454576
25454953
25454984
25455077
25455127
25455299
25455441
25455507
25456903
25456935
25456937
25457220
25457252
25457336
25457464
25457574
25457662
25457741
25457789
25458058
25458161
25458162
25458196
25458257
25458258
25458373
25458547
25458655
25458832
25459171
25459414
25459736
25459758
25459894
25459915
25460259
25460516
25460616
25460863
25461248
25462211
25462214
25462657
25462669
25463379
25463424
25463881
25464837
25464898
25465185
25465301
25465423
25465451
25465602
25465710
25466209
25466474
25466506
25466665
25466729
25466800
25466861
25467069
25467199
25467224
25467239
25467623
25468216
25468266
25468395
25468508
25468618
25468655
25469094
25469821
25469966
25470206
25470308
25470423
25470560
25470564
25470639
25470650
25471055
25471261
25471286
25471429
25471444
25471533
25471731
25472003
25472024
25472758
25472928
25474244
25474625
25474728
25475080
25475501
25475516
25475609
25475716
25475864
25476015
25476030
25476746
25476934
25477127
25477320
25477322
25477476
25478905
25478928
25479016
25479102
25479114
25479214
25479817
25479855
25479911
25480123
25480156
25480157
25480327
25480396
25481095
25481224
25481363
25481638
25481807
25482021
25482463
25483767
25484267
26338176
26338214
26338278
26338289
26338343
26338482
26338740
26338833
26338903
26338918
26340149
26340345
26340390
26340765
26340870
26340994
26341049
26341270
26341440
26341511
26341572
26341584
26341618
26341733
26341821
26341942
26342395
26342470
26342592
26342668
26342734
26342837
26342954
26343073
26343076
26343412
26344573
26344636
26344805
26346122
26346871
26346961
26346987
26347117
26347894
26347963
26348014
26348231
26348359
26348495
26348677
26348972
26349410
26349527
26349574
26349864
26350386
26351095
26351127
26351982
26352073
26352076
26352330
26352331
26352338
26352598
26352682
26352747
26352750
26352848
26353422
26354008
26354031
26354053
26354546
26354965
26354986
26355007
26355130
26355356
26355876
26355945
26356100
26356252
26356738
26357004
26357501
26357967
26358278
26358349
26358723
26358843
26359159
26359326
26359878
26360017
26360140
26360488
26360545
26360812
26360960
26361445
26361657
26361687
26361773
26362043
26362195
26362201
26362706
26362820
26363590
26363670
26363742
26363894
26363915
26363990
26364837
26365070
26365131
26365284
26365485
26365486
26365808
26365872
26366067
26366274
26366277
26366481
26366515
26366547
26366974
26367245
26367342
26367380
26368069
26368790
9420853
9421124
9422294
9422435
9422566
9422931
9423576
9423589
9423675
9423706
9423712
9423755
9423905
9424922
9426014
9426036
9426373
9426416
9426428
9426643
9427074
9427091
9427799
9428433
9430215
9431292
9431329
9431836
9432219
9433085
9433363
9434215
9434665
9434992
9434993
9436498
9437345
9437650
9437779
9438214
9438326
9438756
9438759
9439396
9440017
9440174
9440412
9441079
9441095
9441389
9442159
9442502
9444905
9445184
9445512
9445910
9447211
9447318
9447403
9447404
9447409
9447514
9448175
9448209
9448525
9448527
9448553
9449496
9449500
21935747
21935748
21936723
21936767
21937124
21937370
21937373
21937385
21937517
21937576
21937929
21938442
21938444
21938578
21938982
21939612
21939648
21939835
21939864
21940091
21940115
21940153
21940220
21940250
21940259
21940315
21940354
21940373
21940539
21940576
21940591
21940593
21940983
21940989
21941043
21941221
21941230
21942120
21942489
21942799
21943155
21943163
21943177
21943458
21943661
21943794
21944135
21944293
21944793
21944799
21945281
21945363
21945985
21946023
21946173
21946250
21946399
21946443
21946507
21946705
21946714
21946803
21946823
21946875
21947588
21947592
21947627
21947644
21947804
21947819
21947978
21947987
21948325
21948357
21948569
21948627
21948679
21948957
21951114
21951424
21951470
21951514
21951881
21951976
21951982
21952008
21952039
21952267
21952694
21952922
21952938
21953283
21953787
21954020
21954118
21954232
21954319
21954539
21954737
21954940
21954978
21955035
21955140
21955247
21955388
21955426
21955551
21955766
21956002
21956045
21956047
21956241
21956369
21956587
21956723
21957863
21957889
21957900
21957917
21958378
21958432
21958775
21959002
21959182
21959322
21959324
21959513
21959621
21959839
21959882
21960146
21960156
21960465
21960551
21960581
21960650
21961625
21961856
21961908
21961933
21962089
21962263
21962296
21962335
21962425
21962435
21962979
21963121
21963325
21964015
21964217
21965259
21965463
21965470
21965645
19375849
19375990
19376471
19376742
19376788
19377241
19377381
19377382
19377719
19378516
19378713
19379477
19379895
19379976
19379981
19380509
19380556
19380561
19380606
19380646
19381056
19381427
19381856
19381857
19382492
19382821
19382922
19383048
19383059
19383061
19383584
19383595
19383665
19383895
19384103
19384165
19386067
19386283
19386446
19386582
19386611
19386745
19386881
19387130
19387323
19387664
19387861
19388428
19388797
19388835
19389140
19389236
19389902
19390124
19390720
19390796
19391051
19392809
19393048
19393059
19393082
19393937
19394112
19394128
19394155
19394285
19395006
19395144
19395187
19395396
19396005
19396044
19396056
19396323
19397602
19398142
19398421
19398460
19399355
19399888
19400008
19401244
19402100
19402902
19402908
19402912
19403516
19403549
19403786
19403847
19403944
19404052
19404070
19404076
19404226
19404658
19404659
19404888
19404998
19405872
19405917
19405931
19406298
19406457
19406738
19406839
19407009
19407360
19407440
19407557
19407563
10940705
10941546
10941760
10941775
10942024
10942464
10942469
10942639
10942687
10942690
10942750
10942973
10943572
10943761
10945690
10945940
10947051
10947875
10947877
10948304
10948741
10949203
10949716
10950004
10950036
10950062
10950450
10951311
10951350
10951425
10951680
10951938
10952110
10952793
10952955
10953127
10953143
10953169
10953190
10954094
10954278
10954301
10954467
10954645
10954824
10954938
10955180
10955345
10958277
10958721
10958734
10958741
10958758
10960543
10961196
10961469
10961629
10961961
10962053
10962308
10962313
10962315
10962415
10962771
10962782
10962783
10963082
10963415
10963482
10963488
10963529
10964075
10964297
10964302
10964869
10965184
10965320
10965831
10965834
10965864
10966214
10966693
10966713
10966905
10968347
10968565
10968595
10968843
10968846
10969115
10969657
10969685
10969693
10970680
10971275
10971736
16497980
16498047
16498106
16498155
16498168
16500110
16500169
16500296
16501269
16501422
16501679
16502066
16502202
16503262
16503305
16503953
16504027
16504118
16504145
16504193
16504348
16504580
16504637
16504662
16504700
16504979
16505392
16505503
16505512
16505526
16505643
16505663
16506378
16506495
16507341
16507418
16507426
16507630
16507645
16507938
16508343
16508482
16508484
16508485
16508585
16508587
16508701
16508811
16508842
16509223
16509783
16509864
16509915
16509992
16509997
16510175
16510206
16510627
16510659
16510770
16510865
16511902
16511918
16513122
16513311
16513362
16513607
16513663
16513898
16514104
16514328
16514506
16514621
16515677
16515807
16515905
16515906
16515912
16515974
16515999
16516031
16516087
16516118
16516279
16516304
16517330
16517385
16517770
16517988
16518579
16518738
16518757
16518982
16519381
16519615
16519635
16519641
16519827
16520120
16520258
16520326
16520328
16520729
16520907
16520930
16521187
16521219
16521684
16522201
16522386
16522403
16522408
16522414
16522465
16522468
16522678
16522933
16523160
16523234
16523306
16523359
16523371
16524458
16524710
16525281
16525946
16526178
16526197
16526208
16526538
16526540
16527009
16527062
16527129
16527135
16527335
16527376
16527379
16527559
16527641
16527677
16527785
16528194
16528205
16528485
16528541
16528697
16528759
18284506
18284680
18284895
18285353
18285374
18285716
18286362
18286512
18286534
18287263
18288473
18288531
18288626
18290857
18290862
18290878
18290909
18290918
18290951
18290953
18291004
18291009
18291024
18291067
18291156
18291164
18291172
18291188
18291190
18291248
18291256
18292102
18292451
18292925
18293270
18294031
18294032
18294035
18294223
18294495
18294506
18294598
18294603
18294682
18294926
18294939
18295134
18295173
18296016
18296097
18296403
18296721
18297224
18297353
18297416
18298211
18298296
18298312
18298346
18298446
18298512
18298697
18298783
18298806
18298865
18299111
18299319
18299740
18299927
18299935
18300584
18300617
18301187
18301207
18301295
18301300
18301392
18301836
18301939
18301949
18302472
18302558
18303302
18303462
18303725
18303959
18304127
18304269
18304341
18304507
18304717
18304972
18305883
18305939
18307399
18307555
18307586
18307623
18307789
18307827
18307828
18308087
18308226
18308390
18308871
18308875
18309172
18309174
18309569
18310049
18310139
18310674
18311073
18311798
18311816
18312079
18312088
18312331
18313134
18313800
18314022
18314175
18314179
18314295
18314368
16625023
16625267
16625284
16625288
16625374
16626268
16626276
16626348
16626489
16626615
16626616
16626796
16626899
16629345
16629425
16629555
16629840
16629967
16630154
16630190
16630233
16630323
16630336
16630338
16630375
16630418
16632020
16632184
16632577
16632727
16633239
16633388
16633710
16633948
16634727
16634786
16634814
16634951
16634976
16635120
16635121
16635124
16635463
16635469
16635624
16635759
16635763
16635776
16635999
16636023
16636232
16636241
16636580
16636581
16636617
16636633
16637926
16637945
16638103
16638147
16638769
16638771
16639272
16639677
16640146
16640527
16640615
16640973
16641158
16641665
16641778
16641781
16641876
16642483
16643354
16643406
16643485
16643542
16643578
16643613
16643660
16643703
16643718
16643812
16643815
16644167
16644624
16644633
16645018
16645284
16645295
16645372
16645551
16645687
16645691
16646557
16646636
16646966
16647278
16647356
16647405
16647540
16647547
16647613
16647685
16647747
16647791
16647890
16648017
16648331
16648501
16648673
16649451
16650048
16650293
16650538
16651223
16651300
16651310
16651907
16651908
16652089
16652123
16652128
12592065
12592244
12592247
12592632
12593419
12593550
12593724
12594113
12594114
12594372
12595801
12595873
12596096
12596107
12597147
12597600
12597960
12598346
12598506
12599220
12599241
12600848
12600868
12601103
12601217
12601257
12601540
12601832
12601834
12602574
12603420
12603515
12603580
12603630
12603636
12603762
12605117
12605520
12605524
12605750
12605970
12606838
12606882
12606901
12606902
12606918
12607122
12607635
12607808
12607810
12608934
12609106
12610008
12610023
12610026
12610326
12610409
12610845
12611217
12611220
12611224
12611575
12611826
12611828
12611832
12612221
12612243
12612280
12612324
12612363
12612504
12612953
12614091
12614244
12614245
12614525
12614810
12614945
12615090
12615559
12615583
12615813
12615832
12616002
12616005
12616115
12616119
12616129
12616158
12616178
12616204
12616208
12616309
12616317
12616391
12616581
12617380
12617710
12618165
12618566
12618568
12618644
12618645
12618681
12618694
12618695
12618696
12618898
12618965
12619788
12620563
12621789
12622303
12622311
12622500
12623335
2677269
25486502
25486877
25486967
25487069
25487168
25487195
25487226
25487285
25487471
25487474
25487481
25487494
25487524
25487716
25487720
25487742
25487841
25488390
25488406
25488535
25488622
25488673
25488799
25488860
25488862
25488976
25489691
25489694
25490112
25490299
25490551
25490806
25490809
25490810
25490900
25491281
25491500
25491501
25491571
25491659
25491675
25491709
25491890
25492272
25492369
25492447
25493153
25493155
25493928
25494022
25494314
25494639
25494665
25494671
25494703
25494816
25494905
25495564
25495664
25495813
25496148
25496204
25496392
25496537
25496605
25496638
25496842
25496844
25497075
25497874
25498045
25498046
25498052
25498329
25498338
25498735
25498872
25498875
25499003
25499118
25499530
25499673
25499915
25500112
25500330
25500339
25500787
25500827
25500838
25500855
25500954
25501007
25501272
25501422
25501605
25501834
25502013
25502091
25502153
25502220
25503173
25503180
25503256
25503549
25503578
25504295
25504299
25504451
25504452
25504653
25506618
25506755
25510165
25510443
25510580
25510646
25510764
25510887
25510996
25511351
25511462
25511963
25512020
25512140
25512176
25512200
25512239
25512477
25512817
25512969
25513742
25514343
25514404
25514449
25514795
25515026
25515605
25515606
25515676
25515722
25516530
25516533
17906193
17906203
17906600
17906825
17906860
17906898
17906907
17906980
17907049
17907169
17907328
17908265
17908345
17908565
17908580
17908653
17908761
17908763
17909123
17909369
17909392
17909864
17909917
17910387
17910708
17910837
17912515
17912574
17912587
17912589
17912660
17912665
17913428
17913758
17914140
17914262
17915063
17915357
17916141
17916170
17916174
17916222
17916342
17916476
17916546
17917938
17918008
17918078
17919500
17919557
17919835
17920980
17921391
17921426
17921836
17921912
17922787
17922858
17923314
17923915
17923944
17924160
17924373
17924539
17924576
17924589
17924590
17924859
17925069
17925072
17925075
17925076
17925324
17925373
17925870
17925978
17925979
17925985
17926650
17927730
17928768
17928802
17929627
17931140
17931171
17931447
17931449
17931472
17932015
17932096
17932125
17932353
17932704
17932862
17932964
17933957
17934153
17934178
17934295
17934677
17935257
17935467
17935549
17935636
17935647
17935875
17935914
17936086
17937159
17937215
17937217
17937422
21839270
21839416
21839429
21839431
21839509
21839638
21839754
21840738
21840906
21841093
21841094
21841515
21841690
21842295
21842298
21842519
21843111
21843260
21843268
21843815
21843902
21844022
21844136
21844153
21844402
21844725
21846190
21846374
21846436
21847622
21847646
21847800
21848014
21848645
21848690
21848893
21849026
21849028
21849101
21849197
21849602
21849725
21849787
21849906
21850060
21850401
21851144
21851270
21851561
21851600
21851611
21851780
21852678
21853356
21854096
21854146
21854271
21854365
21854474
21854614
21854672
21854714
21855185
21855282
21855846
21855848
21855855
21855924
21855972
21856160
21856529
21856880
21857013
21857134
21857276
21857419
21857482
21857538
21858387
21858392
21858572
21858599
21858641
21858800
21858971
21859051
21859055
21859308
21859442
21859652
21859789
21859837
21860124
21860155
21860235
21860370
21860928
21861265
21861312
21861597
21861890
21862266
21862270
21862517
21863228
21863377
21863391
21863616
21863655
21863660
21864049
21864330
21864825
21864941
21864999
21865236
21865373
21865950
21866388
21867384
21867404
21867471
21867592
21867995
21868032
21868226
21868492
21868623
21869666
21869710
21869730
21869766
21870116
10817768
10819008
10819065
10819105
10819827
10821552
10822475
10824339
10824343
10824620
10824661
10824882
10825616
10826416
10826421
10826464
10826864
10827314
10827326
10827328
10827816
10827914
10828571
10828665
10828771
10828894
10829041
10829327
10830235
10830804
10831205
10831477
10831487
10831905
10832806
10832916
10833189
10833542
10834689
10834708
10835057
10835063
10835514
10835720
10835789
10836244
10836391
10836669
10836769
10837378
10837961
10837962
10838518
10839910
10839958
10840089
10840111
10840299
10840415
10841004
10841096
10841586
10842146
10843308
10843312
10843363
10843483
10844303
10844623
10845013
10845348
10845414
10845494
10846140
10846310
10846327
10847227
10847885
17267619
17268258
17268409
17268697
17268762
17268763
17268795
17269521
17269620
17269956
17269988
17270528
17270556
17270557
17270570
17272205
17272213
17272334
17272577
17272602
17273484
17273487
17274312
17274855
17274926
17275029
17275206
17275207
17275360
17275427
17275556
17275619
17276094
17276549
17277012
17277041
17277657
17277715
17278404
17278888
17278898
17278942
17278944
17279017
17279025
17279027
17279060
17279185
17279188
17279202
17279239
17280613
17280621
17283035
17283496
17284278
17284326
17284384
17284506
17284542
17285339
17285370
17286194
17286311
17286342
17286640
17286646
17286716
17286718
17286719
17286735
17287237
17288646
17288668
17288707
17288717
17289153
17289243
17289247
17289248
17289357
17289417
17289539
17289864
17290204
17291167
17291575
17291930
17292403
17293121
17293132
17293214
17293220
17293656
17293756
17293789
17294198
17294210
17294302
17294305
17294307
17294357
17294605
17295093
17295330
17295724
17295727
17295816
17295933
17296290
17296383
17296419
17297007
17297327
17297569
17298306
17298478
17298587
17298616
17298984
12463991
12464332
12465161
12465724
12466772
12468055
12468059
12468118
12468352
12468485
12468777
12468794
12469014
12469045
12469048
12469051
12469253
12470037
12470106
12470319
12470750
12471522
12471542
12471541
12471785
12472332
12472675
12472796
12472866
12472913
12472924
12472929
12473017
12473423
12473755
12473875
12473884
12474706
12475148
12475396
12475533
12475534
12475582
12475663
12477131
12477651
12477655
12477658
12477767
12478028
12478034
12478133
12478632
12479719
12479991
12479993
12482791
12483051
12483449
12483628
12484497
12485546
12485548
12485565
12486341
12486422
12487557
12487952
12488148
12488150
12488166
12488749
12490326
12490468
12490648
12490841
12490849
12490862
12491060
12491514
12492200
12492613
12492739
12492970
12493504
11535489
11535908
11543985
11544386
11544620
11545231
11546900
11546904
11547052
11547061
11547105
11547116
11547207
11547302
11547305
11547646
11549229
11549230
11550150
11551092
11551278
11552073
11552156
11552963
11553180
11553184
11553652
11555074
11555450
11555504
11556199
11556254
11556933
11556942
11558032
11558946
11559681
11560349
11560739
11562315
11562594
11562835
11562843
11563459
11563469
11563888
11563994
11564203
11564246
11564249
11564590
11564592
11564917
11564958
11565668
11565669
11565733
11565736
11565984
11566828
25737531
25737563
25738587
25738647
25738786
25738949
25739342
25739509
25739753
25740296
25740599
25740600
25740667
25740729
25740754
25740803
25740851
25741628
25741732
25742556
25742607
25743207
25743239
25743808
25743827
25743833
25743887
25744191
25744775
25744812
25744959
25744969
25745037
25745082
25745654
25745839
25746318
25746373
25747263
25747335
25747559
25747950
25748086
25748214
25748417
25748631
25748736
25748790
25749009
25749211
25749542
25749596
25749598
25749609
25749910
25749930
25750009
25751019
25751107
25751550
25751568
25751798
25751800
25752334
25752466
25752487
25752624
25752659
25752823
25753593
25753900
25753906
25754604
25754771
25754850
25754866
25755185
25755187
25756072
25756073
25756353
25756404
25756484
25756910
25756917
25756925
25757095
25757126
25757205
25757356
25757446
25757759
25757938
25758103
25758278
25758436
25758615
25758632
25758636
25759002
25759075
25759236
25759407
25759533
25759573
25759944
25760427
25761138
25761402
25762016
25762017
25762018
25762159
25762392
25762487
25763828
25763848
25763936
25764272
25764321
25765183
25765442
25765444
25765532
25765723
25766050
25766066
25766081
25766194
25766719
25767066
25767068
25767932
25767980
25767985
25768069
25768072
25768092
15171322
15171983
15172145
15172246
15172253
15172465
15172467
15173223
15173479
15173487
15173529
15173672
15173739
15173789
15174783
15174986
15175199
15175211
15175970
15176921
15176983
15177228
15177967
15178140
15178660
15178674
15178899
15178906
15179100
15179233
15179239
15180017
15180123
15180173
15180194
15180330
15180353
15180630
15180767
15181523
15181622
15182791
15183472
15183475
15183476
15183546
15183548
15183789
15183948
15183968
15184221
15184594
15185047
15185248
15185272
15185802
15186275
15186465
15186489
15186887
15187503
15187784
15187817
15188165
15188312
15188331
15188801
15188804
15188849
15188979
15189261
15189387
15189409
15189563
15189915
15190015
15190525
15191002
15191444
15191616
15191872
15192068
15192142
15192614
15192778
15192954
15194379
15195048
15196099
15196145
15196270
15196866
15197416
15197676
15197798
15198162
15198782
15200042
15200359
15200393
15200443
15200586
15200988
15201354
15201362
15201665
15201765
15201776
15201781
16177414
16177619
16177642
16177872
16179168
16179171
16179272
16179815
16179827
16180179
16180603
16180792
16181233
16181382
16181454
16181565
16181847
16181869
16181876
16181939
16182143
16182636
16182679
16182796
16182805
16183487
16183957
16184728
16184834
16185207
16185784
16185942
16185999
16186142
16186164
16186380
16186381
16186435
16186663
16186665
16187081
16187144
16187705
16187773
16187991
16188327
16188464
16188743
16189030
16189035
16189722
16190482
16190933
16191064
16191084
16191140
16192256
16192294
16192690
16192807
16192815
16192818
16192904
16193429
16194061
16194167
16194283
16194413
16194646
16194829
16195193
16195202
16195203
16195610
16195619
16197767
16197817
16198066
16198383
16198503
16199266
16199310
16199382
16199430
16199449
16199453
16199458
16199465
16199694
16199701
16199733
16199922
16200030
16200593
16201862
16202503
16202753
16202938
16203591
16203599
16203676
16203816
16203878
16204140
16204260
16204392
16204424
16204705
16205095
16205368
16205442
16205445
16205447
16205448
16206094
16206108
16206207
16206377
16207379
16208291
16208480
16208660
16209233
20795805
20797323
20797493
20797577
20797748
20798006
20798191
20798395
20798542
20798553
20798576
20798721
20798926
20798960
20799429
20800215
20800333
20800389
20800802
20800865
20801247
20801692
20802210
20802318
20802394
20802421
20802936
20803101
20803633
20804437
20804465
20804553
20805178
20805344
20805432
20805834
20806361
20806812
20807168
20807281
20807684
20807849
20808128
20808161
20808256
20808793
20808794
20808978
20809152
20809175
20809287
20809434
20809871
20810085
20810202
20811212
20811227
20811321
20811747
20811876
20812533
20813029
20813033
20813226
20813299
20813568
20814046
20814773
20815306
20815670
20815726
20815757
20815842
20815854
20815951
20816028
20816295
20816313
20817411
20817453
20817941
20818191
20819042
20819224
20819527
20819630
20819984
20819986
20820060
20820084
20820150
20820179
20821017
20821189
20821329
20821799
20822620
20822621
20822622
20822682
20822743
20822933
20822953
20823040
20823366
20823685
21231792
21231990
21232006
21232077
21232966
21233080
21233106
21233406
21233494
21233613
21233773
21233790
21234699
21235300
21235723
21235737
21235759
21235795
21235819
21236551
21237604
21237694
21238644
21238666
21238670
21239065
21239409
21240505
21240561
21240608
21240670
21240779
21240983
21241263
21241373
21241425
21241473
