26142913
26142968
26143057
26143403
26143408
26143567
26144337
26144893
26145180
26146108
26146136
26146193
26146625
26146653
26146798
26147048
26147547
26147948
26148035
26148077
26148078
26148379
26148382
26148484
26148786
26149330
26149436
26149445
26149636
26149681
26149770
26150169
26150224
26150365
23525309
23525310
23525513
23525878
23526059
23526094
23526131
23526790
23527107
23527537
23528255
23528505
23528509
23528844
23529210
23529275
23529320
23529668
23529685
23529751
23529828
23529955
23530013
23530295
23530472
23530483
23530744
23530757
23531020
23531086
23531181
23531269
23531272
23531327
23531369
23531806
23532255
23532368
23532602
23532623
23532693
23532731
23533261
23533351
23534003
23534014
23534672
23534768
23534775
23534916
23534979
23535184
23535532
23535589
23536120
23536285
23536411
23537059
23537188
23537190
23537316
23537584
23537617
23537883
23537927
23537940
23538456
23538703
23538728
23539125
23539686
23539882
23540083
23540231
23540318
23540326
23540372
23540425
23540671
23540818
23540819
23540946
23541398
23541454
23541486
23541510
23541543
23542023
23542279
23542473
23542864
23542895
23542928
23543029
23543088
23543195
23543344
23543446
23543600
23543729
23543803
23544049
23544675
23545195
23546314
23546390
23546651
23546850
23546863
23547733
23547939
23548105
23548115
23548161
23548254
23548328
23548442
23548545
23548757
23548789
23548842
23548853
23548857
23549061
23549804
23549812
23550424
23551291
23551648
23551649
23551700
23552429
23552438
23553069
23553251
23553588
23554388
23554511
23555568
23556486
7685897
7689041
7692613
7697208
7697601
7699619
7701255
7701462
7701551
7702376
7702890
7703204
7704167
7705150
7706629
7706700
7707009
7707014
7709401
7710148
7710157
15681720
15682295
15682362
15682431
15683272
15683371
15683548
15684126
15684159
15684794
15685105
15685303
15686152
15686713
15686776
15687454
15687874
15689257
15689289
15689741
15690651
15690702
15691285
15691385
15691555
15691566
15691728
15692261
15692302
15692312
15693380
15693429
15693861
15693924
15694048
15694191
15694230
15694900
15695785
15695788
15695989
15696204
15696453
15697096
15698440
15698443
15698589
15699091
15699299
15699310
15699369
15699723
15700681
15700718
15701272
15701305
15701434
15701466
15701469
15702127
15702861
15703081
15703092
15703321
15703528
15703541
15703951
15703969
15704057
15704999
15705073
15705094
15705630
15705925
15706196
15706339
15706345
15707184
15708030
15708050
15708055
15708077
15708175
15708223
15708245
15708421
15708423
15709063
15709078
15709229
15710113
15710703
15710987
15711103
15711108
15711250
15711327
15711503
15711667
15711861
15711945
15711998
15712040
18955423
18955603
18955612
18955679
18956550
18956797
18957117
18957129
18957354
18957737
18958521
18958523
18958539
18958550
18958617
18958919
18958929
18958930
18959555
18959637
18963543
18971137
18971726
18971740
18971766
18972117
18972120
18972167
18972363
18972550
18973429
18973544
18973713
18973870
18974233
18974409
18974486
18974658
18974907
18974908
18974995
18975048
18975249
18975366
18976012
18976047
18976341
18976354
18976377
18976597
18977469
18977586
18977647
18977807
18977964
18977965
18977986
18978547
18978601
18978689
18978724
18979086
18979113
18979143
18979144
18979549
18979583
18980093
18980503
18980668
18980684
18980852
18981625
18981778
18981842
18981919
18981934
18982323
18982442
18983020
18983376
18983378
18983467
18983485
18985061
18985524
18985632
18985807
26879633
26879668
26879827
26880163
26880195
26880644
26880736
26881258
26881322
26881348
26882184
26882818
26883158
26883651
26883654
26883947
26883950
26884305
26885722
26885947
26886264
26886853
26888167
26888461
26888558
26888657
26888677
26888702
26888744
26889505
26889509
26889798
26889799
26889832
26890703
26891204
26891259
26891376
26891800
26891898
26892052
26892310
26892483
26892739
26892790
26892819
26892829
26892937
26893039
26893220
26894302
26894598
26894845
26894938
26895023
26895071
26895358
26895636
26895735
26895878
26895891
26895916
26896020
26896028
26896051
26896102
26896110
26896217
26896609
26896927
26897074
26897081
26897266
26897313
26897334
26897487
26897490
26897535
26897928
26898164
26898496
26898717
26898765
26898969
26899033
26899369
26899466
26899942
26900098
26900674
26900893
26901041
26901076
26901257
26901454
26901748
26901914
26902001
26902140
26902165
26902956
26903391
26903552
26905109
26905118
26905185
26905220
26905320
26905351
26905576
26905708
26906105
26906156
26906164
26907784
26907863
26907864
26908088
26908242
26908243
26908512
26908765
26908793
26908861
26909406
26909477
26909744
26909841
26910128
1467685
1469338
1470191
1471695
1471702
1472124
1477446
1477567
1479316
1479324
1479327
1481175
1482254
1482817
1487473
1487759
1492878
16080178
16080469
16080493
16080664
16081318
16081468
16081745
16081755
16081866
16082722
16083780
16083803
16083867
16083996
16084181
16084232
16085215
16085334
16085616
16086936
16087015
16087107
16087654
16087762
16088104
16088267
16088281
16089241
16091054
16091058
16091072
16091428
16091913
16092302
16092456
16092458
16092680
16093301
16093744
16093935
16094007
16094056
16094109
16094143
16094273
16094278
16094280
16094573
16095225
16095476
16095477
16095961
16096334
16096596
16097266
16097565
16097571
16097970
16098001
16098328
16098350
16098356
16099180
16099732
16100026
16100029
16100183
16100200
16100238
16100307
16100319
16100624
16100644
16101192
16101633
16101669
16101690
16101951
16102480
16102502
16103016
16103557
16104044
16104828
16104920
16104921
16104956
16105042
16105181
16105520
16105523
16105524
16105680
16106477
16107085
16107209
16107362
16107369
16107492
16107605
16107873
16107900
16107912
16107973
16108311
16108854
16108929
16108934
16108941
16109346
16109663
16109735
16110354
16111067
16111584
11725228
11725735
11725809
11726645
11726887
11727097
11727099
11728506
11728511
11728661
11728677
11728678
11728691
11730180
11730292
11730492
11730494
11730611
11731516
11731645
11732458
11733133
11733289
11733830
11733916
11733973
11734761
11736824
11737323
11737357
11737404
11737745
11738286
11738295
11738776
11739341
11739981
11740028
11740271
11740362
11740434
11740448
11741167
11741364
11742012
11742189
11742286
11742338
11742920
11743037
11743276
11744342
11744443
11744476
11744485
11744944
11745063
11745294
11745801
11746109
11746654
11748393
11748427
11748579
11748969
11750963
11752862
11752867
11752936
11752964
11753143
11753163
11753222
11753977
11753979
11754173
11754848
11755550
11755558
11756113
11756723
11756906
11756910
11756945
23941650
23941744
23941766
23941886
23942014
23942251
23942264
23942324
23942388
23942596
23942607
23943115
23943627
23943729
23943731
23943898
23944177
23944278
23944279
23945035
23945228
23945259
23945309
23945390
23946294
23946322
23946334
23947086
23947622
23947974
23947996
23948160
23948367
23948395
23948519
23948535
23948631
23948832
23948838
23948843
23948854
23948862
23948958
23948960
23949040
23949072
23949126
23949421
23949557
23949613
23949840
23949977
23950189
23950561
23950920
23951804
23952186
23952289
23952891
23953122
23953180
23953498
23953543
23953812
23953860
23953878
23954109
23954185
23954688
23955137
23955248
23955336
23955386
23955426
23955613
23955728
23955818
23957310
23957595
23957695
23958091
23958289
23958335
23958432
23958507
23958538
23958732
23958751
23958827
23959033
23959050
23959339
23959352
23959522
23959615
23959772
23959782
23959839
23959914
23960056
23962313
23962355
23962830
23962991
23963150
23963348
23963612
23963704
23963732
23963828
23963973
23964062
23964073
23964420
23964446
23964632
23964663
23965700
23965910
23966126
23966214
23966421
23966429
23967083
23967557
23968220
23968243
23968585
23969150
23969188
23969262
23969297
23969358
23969371
23969583
23969588
23969984
23970224
23970313
23970474
23970791
23971254
23971458
23971859
23972037
23972110
23972133
23972413
23972647
23972654
23972661
23972999
10452720
10452755
10454665
10454666
10454684
10456308
10456701
10458245
10458256
10458338
10458348
10458360
10458361
10458392
10458419
10458427
10458428
10458455
10458465
10458466
10458470
10458683
10459079
10459331
10459436
10459450
10459598
10459880
10460077
10460184
10460332
10460765
10461069
10461081
10461256
10461334
10462170
10462274
10462649
10462660
10462865
10463324
10463547
10463980
10464001
10464002
10464505
10464554
10465371
10466860
10467195
10467972
10468064
10468252
10468736
10468756
10468766
10468907
10468969
10469069
10469781
10469952
10469964
10470343
10470425
10470976
10471435
10472313
10472906
10472914
10472925
10473310
10473857
10473969
10473989
10474605
10474768
10475348
10475350
10475352
10475361
10475866
10476015
10476263
10477004
10477211
10477215
10477237
10477631
10477960
10478694
10479011
10480200
10480424
16144216
16144860
16145225
16145304
16145312
16145373
16145394
16145456
16146270
16146272
16146456
16146553
16147824
16147851
16148465
16148552
16148556
16148610
16148658
16148659
16148665
16148667
16148675
16148699
16148706
16148810
16148869
16148966
16149144
16149279
16150065
16150271
16150560
16150659
16151447
16151882
16152688
16153197
16153198
16153218
16153269
16153373
16153788
16154045
16154253
16154346
16154546
16155079
16155927
16156226
16156371
16156838
16156915
16157088
16157096
16157108
16157110
16157112
16157128
16157138
16157143
16157610
16157615
16158035
16158085
16158447
16158937
16159663
16159826
16159851
16159858
16159865
16160463
16161895
16161916
16162030
16162396
16162465
16162469
16162706
16162901
16163024
16163081
16163265
16163748
16163944
16163948
16164082
16164196
16164452
16164526
16164532
16164653
16164658
16164768
16164774
16165714
16166359
16166362
16166391
16166439
16166872
16166896
16167854
16167939
16167941
16167969
16168038
16168039
16168058
16168479
16168486
16168516
16169069
16169087
16169345
16169675
16169914
16170074
16170083
16170164
16170509
16170521
16170833
16171472
16171525
16171824
16172851
16172862
16173248
16173329
16173911
16173989
16173995
16174003
16174048
16174116
16174141
16174914
16175022
16175057
16175321
16175764
16175891
16176222
16176512
16176519
16176524
16176536
16176537
16176693
16176738
16176835
27131350
27131408
27131412
27132176
27132410
27133320
27133324
27133675
27133919
27133926
27134005
27134154
27134157
27134197
27135146
27135245
27135250
27135593
27135726
27135989
27136110
27136464
27136469
27136471
27136477
27136736
27137092
27137665
27138304
27138309
27138884
27138941
27139258
27139370
27139881
27140213
27141596
27141599
27142036
27142064
27142635
27142813
27144409
27144833
27144961
27145000
27146240
27146733
27146741
27146752
27146768
27146771
27146775
27147520
27147699
27147729
27149590
27149774
27149943
27150363
27150670
27151905
27152887
27153480
27154064
27154156
27154179
27154350
27154351
27154472
27154533
27155337
27155542
27155994
27155997
27156154
27156330
27156792
27156863
27156870
27157279
27157314
27157395
27158933
27159092
27159296
27159310
27159822
27160275
27160440
27160458
27160692
27160950
27161060
27161061
27161091
27161195
27161761
27161829
27162065
1285245
1286392
1299455
1304265
1312586
26943603
26944130
26944185
26944354
26944467
26944882
26945436
26946958
26947401
26947498
26947672
26948006
26948036
26948074
26948431
26948820
26949872
26950751
26950819
26951183
26951184
26951185
26951195
26951270
26951643
26951905
26952115
26952308
26952697
26953669
26953898
26953983
26954465
26954659
26954739
26954769
26955767
26955798
26956163
26956248
26956247
26956373
26956466
26956708
26956725
26957089
26957129
26957217
26957476
26957641
26958790
26958792
26959411
26960462
26960540
26960632
26961087
26961117
26961185
26961278
26962548
26962712
26963383
26963897
26964704
26965589
26965744
26965819
26965871
26966062
26967519
26968056
26968064
26968105
26968281
26968283
26968286
26968307
26968322
26968686
26968779
26968948
26969561
26969645
26969930
26970061
26970202
26970400
26970419
26970737
26970916
26970991
26971019
26971425
26971435
26971502
26972058
26972527
26972655
26973335
26973740
18986561
18986831
18987608
18987980
18988051
18988052
18988055
18988144
18988389
18988683
18988909
18988910
18990019
18990023
18990048
18990138
18990156
18990279
18991478
18991979
18992177
18992649
18992696
18992702
18992867
18993031
18993040
18993088
18996048
18996231
18996294
18997161
18997635
18998015
18998373
18999215
19000347
19001250
19001844
19001931
19001978
19002088
19002407
19002497
19002685
19002689
19002691
19003642
19004156
19004404
19004617
19004900
19004962
19004982
19005247
19005271
19005373
19005380
19005933
19005999
19006243
19007372
19007565
19007927
19007957
19007995
19008154
19008292
19008369
19008706
19008768
19009318
19009363
19009615
19009949
19010085
19010095
19010195
19010608
19010623
19010795
19011171
19011188
19011276
19011523
19011602
19012042
19012091
19012211
19012213
19012299
19012358
19012470
19012620
19012631
19012700
19012772
19012785
19012787
19012869
19012973
19013047
19013053
19013384
19013743
19013790
19014204
19014272
19014476
19014702
19015170
19015216
19015464
19015631
19016016
19016024
19016033
19016273
19016358
19016456
19016939
19017393
19017767
19017871
19018124
19018469
19018911
19018913
19018928
19018974
19019270
19019416
19019453
19020121
19020142
19020242
19020316
19020403
19020472
7473467
7474010
7474016
7474017
7476609
7477519
7477554
7479626
7480599
7480732
7481526
7482249
7482642
7482649
7485009
7485288
7485322
7485323
7485324
7485334
7485636
7485726
7486362
7487436
7487460
7487621
7488665
7490345
7490805
7490818
7490832
7490845
7490898
7491536
7491540
7491652
7492005
7492007
7492020
7494082
7495111
7495118
7495435
7495458
7495824
7495999
7496238
7496476
7496651
7496652
7497147
7497369
7497842
7499676
22191727
22192230
22192620
22193315
22193573
22193999
22194097
22194113
22194482
22194791
22194804
22195354
22195976
22196096
22196410
22196843
22197067
22197090
22197199
22197323
22197385
22197436
22197731
22198268
22198301
22198324
22198340
22198443
22198726
22198810
22198893
22199017
22199150
22199201
22199203
22200397
22200697
22201181
22201278
22201298
22201328
22202436
22202542
22203183
22203642
22203941
22204183
22204811
22204855
22205116
22205275
22205780
22206713
22206803
22207093
22207150
22207454
22207466
22207681
22208327
22208419
22208826
22208842
22208847
22209100
22209268
22209431
22209508
22209550
22209833
22209915
22209973
22210923
22211206
22211659
22211746
22211750
22211763
22211867
22212132
22212180
22212255
22212421
22212766
22213477
22213575
22215000
22215431
22215879
22215881
22215883
22216923
22217004
22217501
22217618
22217878
22217922
22218631
22218873
22219015
22219063
22219146
22219214
22219413
22219488
22220929
22221113
22221636
22222256
22222469
22222850
22223144
22223182
22223598
22223611
22223695
22223814
25958229
25958767
25958886
25959010
25959433
25959583
25960422
25961048
25961378
25961659
25961661
25961837
25962448
25962815
25963137
25963291
25963311
25963400
25963439
25963638
25964033
25964213
25964591
25964836
25964838
25964842
25965057
25965112
25965336
25965809
25965902
25966670
25966770
25966991
25967043
25967702
25967953
25968340
25968894
25969123
25969351
25969840
25969864
25970379
25970420
25970434
25970514
25970574
25971397
25971774
25972075
25972594
25972600
25972966
25973785
25973954
25974160
25974794
25974873
25976690
25976751
25977067
25977107
25977141
25977233
25977248
25977604
25978009
25978655
25978660
25978718
25978801
25978822
25979145
25979208
25979245
25979615
25979711
25979852
25979866
25979871
25980096
25981109
25981220
25981359
25981622
25981634
25981804
25981916
25982011
25982104
25982109
25982141
25982449
25982585
25982875
25983112
25983193
25985037
25985260
25985730
25985806
25986098
25986185
25986349
25986399
25986428
25986442
25986494
25986509
25986668
25986730
25987344
25987907
25988311
25988588
10151166
10151167
10155415
10155474
10155531
10155534
10156545
10159729
10159739
10160046
10163385
10163610
10172039
10176025
10176558
10634284
10634288
10634920
10635086
10635485
10636121
10636314
10636982
10637090
10637247
10637997
10638469
10638568
10638715
10638716
10640794
10640874
10640878
10641031
10641359
10641503
10642418
10642617
10642718
10642973
10643691
10644458
10644789
10645115
10645227
10646776
10646783
10646812
10647162
10647566
10647575
10647649
10647655
10647686
10647695
10647755
10647758
10647801
10647829
10648490
10648749
10649197
10649244
10649258
10651660
10651780
10652060
10653067
10653230
10653231
10653681
10654123
10654162
10654209
10654836
10654903
10654955
10654963
10655814
10655817
10655996
10656210
10656476
10656959
10657157
10657430
10658706
10658938
10658986
10659482
10659915
10660201
10660264
10661335
10661482
10661653
10661663
10662683
10662747
10664497
10664827
23879766
23880141
23880147
23880152
23880156
23880260
23880404
23880454
23880545
23880596
23881101
23881174
23881333
23881516
23881614
23881717
23883149
23883211
23883226
23883229
23883243
23883505
23883782
23883804
23883814
23884235
23884290
23884512
23884676
23884734
23884754
23884757
23884779
23884801
23884803
23885045
23885112
23885990
23886318
23886781
23886815
23887601
23887704
23887860
23887946
23887949
23888314
23889632
23889665
23889696
23889961
23889962
23890081
23890098
23890101
23890133
23890142
23890150
23890194
23890330
23890342
23890533
23890726
23890744
23890809
23890981
23891034
23891076
23891236
23891362
23891455
23891478
23891851
23892414
23892492
23892852
23892862
23893056
23893302
23893514
23894069
23894888
23895202
23895303
23895633
23895772
23895817
23895979
23895985
23896214
23896318
23896627
23896998
23897734
23897893
23897948
23898562
23899114
23899827
23900019
23900119
23900218
23900470
23900486
23900662
23901672
23902435
23902734
23903606
23903672
23903675
23903784
23903818
23903819
23904087
23904185
23904678
23904682
23905710
23905957
23906170
23906249
23906273
23906414
23906444
23906541
23906703
23906733
23906990
23907026
23907088
23907573
23907610
23907661
23907958
23908448
23908459
23908552
23908951
23909019
23909106
23909292
23909497
23909567
23909740
23909797
23909951
23909992
23910050
14632807
14632864
14632889
14632899
14633065
14633325
14633649
14633952
14634388
14634395
14634398
14634490
14634554
14634768
14634920
14635071
14635072
14635465
14635971
14636150
14636297
14636388
14636389
14636500
14636733
14636801
14636883
14637263
14638338
14638582
14638710
14639137
14639566
14640158
14640236
14640994
14640997
14641000
14641882
14642147
14642253
14642988
14643087
14643471
14643823
14643912
14643943
14644075
14645192
14645195
14645758
14645781
14646439
14646573
14647167
14647183
14647560
14648416
14648864
14649592
14650639
14650640
14651086
14651420
14652117
14652142
14652161
14652477
14652832
14653774
14653852
14654591
14654596
14654612
14655062
14655793
14656173
14656188
14657226
14657546
14657619
14657966
14657980
14658529
14659124
14659613
14660458
14660534
14660718
14660727
14660903
14660928
14661819
14662057
14662259
14662523
14662533
14662801
14663472
14664284
14665353
14665546
14665863
14665885
14665904
14665906
14665945
14665954
14666005
14666017
19439832
19439941
19439959
19440010
19440011
19440027
19440029
19440647
19440730
19442311
19442369
19442372
19442427
19442459
19443436
19443457
19443719
19444048
19444515
19444564
19444822
19444867
19445420
19445699
19445731
19446207
19447835
19447853
19448203
19448233
19448353
19448769
19448770
19449354
19449477
19450083
19450811
19451196
19451704
19451768
19451896
19452100
19452300
19453721
19453787
19453932
19453960
19454511
19454819
19454821
19454929
19455607
19455668
19456989
19457481
19457872
19457978
19459040
19460066
19460257
19460557
19460818
19461563
19461593
19462193
19462313
19462342
19463171
19463336
19463362
19463580
19464025
19464124
19464421
19464469
19464785
19464820
19464921
19464928
19464933
19465315
19465323
19465506
19465622
19465624
19465859
19465944
19466245
19466943
19467025
19467607
19467713
19467926
19468041
19468049
19468977
19469116
19469399
19469637
19469660
19469775
19470037
19470088
19470814
19471138
19471139
19471221
24490454
24490952
24491466
24491467
24492139
24492178
24492675
24493790
24494805
24494945
24494949
24494951
24494952
24495046
24495234
24495266
24495820
24495825
24495902
24496349
24497213
24497399
24497600
24497656
24497795
24497797
24498001
24499127
24499136
24499256
24499306
24500237
24500262
24500587
24500613
24500916
24501243
24501258
24501280
24501807
24502037
24502335
24502604
24502700
24502839
24503112
24503227
24503246
24503283
24503451
24504076
24504157
24504367
24504431
24504541
24504575
24504924
24504990
24505285
24506062
24506741
24506748
24506933
24507026
24507244
24507247
24507382
24507437
24507586
24507771
24507883
24508061
24508278
24508347
24508452
24508483
24508550
24508574
24508926
24509361
24509423
24509461
24509494
24509775
24510038
24510202
24510801
24510909
24511032
24511051
24511767
24511893
24512486
24512956
24514895
24515278
24515402
24515611
24515626
24515639
24516064
24516520
24516527
24516571
24516708
24517103
24517299
24517358
24518077
24518090
24518146
24518175
24518223
24518514
24518709
24518770
24518781
24519184
24519198
24519199
24519322
24519405
24519425
24519483
24519569
24519843
24521007
24521083
24521160
15489367
15489398
15489476
15489573
15489586
15490148
15490201
15490813
15490923
15491061
15491522
15491716
15491755
15491925
15492024
15492589
15493172
15493183
15494257
15494352
15494602
15494812
15495282
15496709
15497080
15497918
15498082
15499054
15499245
15499294
15499479
15499606
15499898
15500599
15501348
15501461
15501969
15502125
15502130
15502657
15503327
15503821
15503849
15504781
15505004
15505039
15505129
15505293
15506583
15507007
15507008
15507068
15507165
15507182
15507553
15507819
15508016
15508053
15508342
15508373
15508374
15509234
15509308
15509361
15509408
15509677
15511423
15511426
15511438
15511708
15512942
15512995
15513379
15513537
15513573
15513665
15513694
15514174
15514531
15514540
15514543
15514592
15514594
15514898
15516162
15516348
15516398
15516827
15517239
15517326
15517502
15517641
15517642
15517905
15518372
15518421
15518744
15518784
15519186
15519433
15519712
15519777
15520062
15520086
15520099
15520704
15331797
15331867
15331890
15331937
15332111
15333053
15333112
15333171
15333173
15333284
15333525
15333532
15333535
15333549
15333600
15333858
15333884
15334316
15334670
15335148
15335345
15335351
15336479
15336801
15337213
15337871
15339775
15340092
15340177
15340755
15341252
15342175
15342836
15342841
15342848
15343179
15343181
15343211
15343222
15343238
15343241
15343246
15343351
15343418
15345973
15345979
15346355
15347003
15347537
15350156
15350449
15350770
15351164
15351590
15351658
15351749
15351892
15352142
15352595
15352664
15352930
15353006
15353027
15353096
15354091
15354276
15354285
15354982
15356822
15357014
15357530
15359096
15360088
15361212
15361384
15361764
15362002
15362328
15362760
15362792
15363007
15363371
15363429
15363559
15363571
15364326
15364496
23588154
23588575
23588624
23588631
23588632
23588709
23588743
23588827
23588905
23588945
23588979
23589183
23590124
23590206
23590257
23590271
23590553
23590980
23591256
23591257
23591264
23591657
23591721
23591726
23591912
23592002
23592118
23592173
23592317
23592400
23592603
23592725
23594046
23594059
23594146
23594313
23594383
23594467
23594498
23594792
23594866
23594885
23594913
23595024
23595037
23595073
23595153
23595921
23596066
23596132
23596150
23596157
23597215
23597224
23597332
23597412
23597592
23598152
23598582
23598849
23598852
23599327
23600101
23600332
23601135
23601494
23601767
23602032
23602492
23602854
23602862
23603173
23603570
23603652
23603826
23604037
23604496
23604512
23604604
23605087
23605174
23605220
23606213
23606352
23606355
23606819
23607261
23607400
23607401
23607442
23607607
23607647
23608067
23608720
23608818
23608933
23608954
23609212
23609272
23609292
23609366
23609487
23609588
23609589
23609810
23609839
23609927
23610001
23610083
23610162
23611061
23611404
23611421
23611598
23611934
23612234
23612599
23612625
23612694
23612866
23612901
23612949
23613188
23613218
23613506
23613929
23614044
23614266
23614703
23615187
23615383
23615384
23615390
23615495
23615539
23615639
23615778
23615973
23615980
23616052
23616072
23616135
23616268
23617483
23617771
23617890
23618022
23618072
23618111
23618318
23618503
23618576
23618592
23618609
23618635
8522395
8523054
8523060
8523626
8526578
8526618
8526987
8529848
8531034
8532237
8532253
8532903
8533565
8534938
8535036
8535679
8536154
8536178
8536905
8537495
8537578
8538964
8539370
8539678
8540500
8540515
8540628
8540868
8541161
8541171
8541751
8545211
8545791
8547623
8550263
17760690
17760978
17761033
17761083
17761394
17761433
17761700
17761926
17762437
17762450
17762475
17762804
17762814
17763127
17763160
17763168
17763907
17763966
17763978
17764546
17764613
17764781
17765155
17765156
17765611
17765646
17765958
17766426
17766526
17766532
17766690
17766924
17767000
17767113
17767117
17767430
17767475
17767530
17767737
17767750
17767756
17768209
17768515
16370276
16371051
16371852
16371904
16371927
16372317
16372486
16372788
16372893
16372923
16372929
16373145
16373249
16373274
16373284
16373410
16373639
16373800
16373815
16374244
16374279
16374901
16374981
16375031
16375040
16375845
16376145
16376348
16376630
16376755
16376771
16377387
16377657
16377824
16377919
16377990
16378177
16378218
16378329
16378332
16378529
16378530
16380705
16380883
16381256
16382010
16382401
16382706
16383251
16384963
16385093
16385096
16385205
16385220
16385283
16386171
16386256
16386569
16386622
16387077
16387161
16387520
16387891
16387894
16387967
16388054
16388167
16390373
16390389
16390612
16390768
16390784
16390790
16390797
16390848
16390851
16390859
16391185
16391487
16391585
16391956
16391959
16391962
16392149
16392167
16392306
16392413
16393165
16393213
16393763
16393839
16393842
16394041
16394042
16394049
16394119
16394907
16394914
16394915
16395183
16395221
16395516
16395661
16396705
16396981
16397081
16398755
16398776
16399298
16399301
16399994
16400061
16400371
16400905
16401159
16401218
16401219
16401537
24135927
24136290
24136399
24136807
24138220
24138299
24138350
24139231
24139277
24139523
24139836
24139863
24140216
24140285
24140297
24141056
24141101
24141883
24142075
24142090
24142197
24142300
24142302
24142659
24142681
24142975
24143084
24143093
24143226
24143995
24144270
24144300
24144584
24144946
24145081
24145097
24145393
24145564
24145818
24145989
24146101
24146182
24146329
24146339
24146897
24147467
24147472
24147490
24147956
24147971
24148609
24148790
24148815
24149827
24149920
24150430
24150432
24150814
24150876
24150964
24151091
24151114
24151160
24151223
24151394
24151751
24151816
24152193
24152572
24152577
24152621
24152683
24152687
24152806
24152807
24153348
24153439
24154712
24154849
24156678
24156706
24156792
24156798
24156968
24156970
24156997
24156999
24157004
24157056
24157265
24157288
24157453
24157495
24157535
24157541
24158089
24158183
24158202
