11125763
11125870
11126175
11126225
11126261
11126304
11126348
11126600
11126901
11127051
11127304
11127754
11128327
11128330
11128400
11128857
22544645
22544919
22545388
22545740
22545878
22545920
22545950
22546034
22546065
22546593
22546594
22547423
22548265
22548298
22548343
22548752
22548780
22548901
22549018
22549235
22549528
22549652
22549658
22549752
22550057
22550125
22551094
22551519
22551732
22552023
22552028
22552101
22552107
22552379
22552455
22552496
22552590
22552670
22552765
22552831
22552832
22553004
22554760
22555033
22555109
22555134
22555135
22555170
22555199
22555322
22555324
22555396
22555400
22555531
22555579
22555988
22555994
22556006
22556308
22556319
22556321
22558178
22558450
22558452
22560636
22560683
22560774
22560966
22561000
22561098
22561383
22561536
22561646
22562070
22562384
22562711
22562865
22562949
22563022
22563059
22563174
22563281
22564041
22564062
22564197
22564514
22564622
22564791
22564905
22565110
22565241
22565242
22565434
22566113
22566263
22566328
22566535
22567647
22567750
22568270
22568272
22568417
22568418
22568462
22568573
22568614
22568644
22568659
22568777
22568977
22569008
22569012
22569055
22569059
22569490
22569619
22569681
22569708
22569720
22569994
22571516
22571644
22571648
22572520
22572624
22572671
22572710
22572963
22573131
22574760
22575070
22575715
22575912
17428244
17428706
17428707
17429901
17429905
17430319
17430588
17431434
17431779
17432389
17432392
17432703
17432927
17433021
17433030
17433112
17433732
17434076
17434366
17434597
17434700
17434752
17435558
17435928
17435963
17436185
17436776
17437201
17437214
17437236
17437350
17437393
17437472
17437580
17437632
17437638
17437782
17437815
17438255
17439447
17439509
17439563
17439647
17440028
17440031
17440366
17440608
17441532
17441888
17441890
17442399
17443200
17443290
17443365
17443367
17443453
17443743
17444382
17444808
17445010
17445043
17445069
17445255
17445306
17445513
17445519
17445605
17445636
17446421
17446722
17446796
17446824
17447154
17447229
17447373
17448104
17448135
17448402
17448405
17448621
17448846
17448869
17448927
17448968
17449262
17449263
17449412
17450024
17450028
17450081
17450268
17450353
17451330
17451485
17451704
17451863
17451873
17452154
17452513
17452578
17452580
17452699
17452734
17453321
17453525
17453677
17453746
17453756
17453761
17453977
17454328
17454807
17454817
17454836
17454859
17454919
17454926
17454952
17455181
17455876
17455994
17456283
17456530
17456869
17456870
17456940
17457162
17457165
17457176
17457438
17457689
17457738
17457810
17457954
17458142
17458328
17458794
17459064
17459276
7590709
7594019
7594105
7594161
7594445
7596005
7597020
7598634
7599294
7599774
7600829
7602712
7604406
7604415
7604684
7604690
7604692
7604922
7604995
7606151
7607035
7607038
7607041
7607971
7608453
7608457
7609376
7611018
7611914
7612363
7613792
7613799
7613828
7613832
7614240
7614420
7615120
7615188
7615850
7615948
7617242
7618339
7618962
7619238
7619582
7619584
26306403
26306437
26306620
26306920
26306998
26307124
26307160
26307240
26307540
26307557
26307599
26307627
26307867
26308260
26308415
26308643
26308710
26308888
26308909
26309031
26309155
26310043
26310685
26310727
26310788
26310843
26311068
26311228
26311336
26311493
26311561
26311613
26312460
26312465
26312468
26312658
26313241
26313452
26313493
26313725
26313752
26313819
26313830
26314592
26315002
26315084
26315130
26315384
26315461
26315701
26315702
26315710
26315965
26316278
26316355
26316435
26316460
26316579
26316729
26317754
26317818
26317841
26317846
26318009
26318338
26318351
26318489
26318887
26318896
26319057
26319205
26319258
26319261
26319661
26319887
26320661
26321060
26321296
26321428
26322470
26322556
26323659
26324003
26324030
26324032
26324033
26324174
26324577
26324680
26324820
26324830
26325084
26325103
26327124
26327400
26327404
26327731
26328290
26329017
26329120
26329297
26329313
26329746
26329754
26329795
26329916
26330150
26330957
26331230
26331274
26331303
26331748
26331994
26332254
26332663
26332938
26333526
26334002
26334361
26334679
26334688
26334713
26334940
26335089
26335263
26335344
26335572
26335762
26335790
26335982
26336019
26336916
26337555
26337560
26338033
26338156
11128978
11129312
11130093
11130492
11130567
11130805
11130811
11130812
11130814
11131447
11132586
11133049
11133566
11134376
11134437
11134443
11134833
11135172
11135215
11136341
11136493
11136649
11136912
11136947
11137804
11138878
11138952
11139152
11140546
11141852
11142332
11142561
11142974
11143732
11144470
11144475
11144633
11145621
11145636
11145637
11145728
11145810
11146708
11147239
11147440
11147594
11147616
11147636
11147721
11147989
11148434
11148559
11149026
11149188
11149221
11150439
11150449
11150909
11150943
11151276
11151308
11151874
11152256
11152782
11152862
11153047
11153166
11154200
11154543
11154808
11155007
11155431
11155836
11156125
11156711
11157149
11158202
11158410
11158457
11158693
11158694
11158812
11159060
11159567
12400743
12400754
12400810
12400813
12400846
12401150
12401748
12403283
12403536
12403865
12404054
12404219
12404517
12404841
12405369
12405385
12405895
12405907
12406376
12406477
12406482
12407237
12407318
12407345
12407359
12407372
12407535
12407547
12407725
12408555
12409535
12409666
12409855
12410002
12410016
12410020
12410174
12410186
12410446
12410696
12410749
12410897
12410903
12411218
12411235
12411567
12411650
12412175
12412873
12412879
12412935
12412980
12413290
12413670
12414430
12415028
12415086
12415327
12415451
12415454
12415600
12415908
12416288
12416605
12417100
12418066
12418952
12419295
12419425
12419453
12420119
12420268
12420889
12420901
12421026
12421172
12421194
12421389
12421399
12421779
12422042
12422092
12422333
12422594
12422922
12423276
12423851
12423852
12424406
12424562
12425502
12425557
12426248
12426253
12426259
12426271
12426909
12426910
12427416
12427436
12427493
12427632
12427639
12427888
12428824
12428837
12429069
12429302
12429540
12429666
12430565
12431135
12431307
24682210
24682378
24682563
24682592
24682970
24683107
24683673
24684557
24684853
24684978
24685111
24685345
24685415
24685971
24686358
24686463
24686486
24686567
24686737
24686792
24687011
24687418
24688393
24689539
24689645
24689836
24690024
24690066
24690084
24690165
24690464
24690526
24691153
24691236
24691307
24691317
24691329
24691513
24691529
24691670
24691795
24691874
24692203
24692529
24694830
24694945
24695112
24695253
24695919
24695932
24697015
24697032
24697509
24697634
24697796
24697943
24698178
24698200
24698218
24698512
24699197
24700260
24700310
24700499
24700645
24700681
24701613
24702605
24702967
24703785
24703836
24704290
24704319
24704658
24704676
24704682
24704850
24704851
24704923
24704926
24704938
24705349
24705628
24705656
24705695
24705857
24705887
24705995
24706021
24706265
24706336
24706486
24707500
24707926
24708394
24708628
24708657
24708695
24708730
24709146
24709380
24709406
24709721
24709952
24709984
24710124
24710237
24710740
24710798
24710862
24711134
24711271
24712013
24712307
24713049
24713353
9199491
9199870
9199904
9200061
9200078
9200292
9200375
9200385
9201157
9201168
9201492
9201530
9201531
9201567
9201838
9201842
9202568
9203948
9204676
9205173
9205437
9207161
9207492
9207526
9207637
9207649
9207816
9208955
9208965
9209229
9210706
9211041
9211176
9211997
9212016
9214175
9214328
9215153
9215171
9215173
9215179
9215422
9215464
9215489
9215832
9215833
9215846
9215941
9216605
9216706
9216778
9217617
9218176
9218313
9218314
9218954
9219122
9219405
9219746
9220179
9221864
9222305
9222675
9222725
9222779
9222789
9222942
9224303
9224342
9226121
9226515
9226524
9227164
9227674
9227677
9228488
9229029
9229049
9229278
8702448
8703145
8704487
8705324
8706449
8706482
8707108
8708297
8709311
8709312
8709335
8709366
8709656
8711552
8711799
8712269
8712440
8712987
8712989
8717114
8719449
8719466
8720213
8720227
8720535
8720679
8720889
8721468
8722047
8723415
8723418
8723598
8723986
8723995
8724016
8724026
8725089
8725090
8725851
8726756
8726787
8727200
8727443
8728804
8729378
8729662
8730475
8730935
8730948
8731027
8731624
8732326
8732372
25769055
25769188
25769346
25769511
25769558
25769574
25769648
25769880
25770005
25770073
25770403
25770649
25770842
25771158
25771936
25771937
25772267
25772461
25772647
25772912
25772997
25773298
25773470
25773846
25773875
25773934
25773941
25774581
25774586
25775455
25775478
25776286
25776909
25776910
25777093
25777147
25777335
25777681
25777791
25778471
25778616
25778696
25778697
25778737
25778997
25779864
25779876
25780261
25780838
25781958
25781994
25782044
25782212
25782332
25782657
25783170
25783316
25783334
25783382
25783424
25783622
25783775
25783798
25784312
25784323
25785283
25785767
25785795
25785930
25786077
25786784
25786905
25787060
25787683
25787700
25787942
25788217
25788331
25789556
25789896
25790013
25790331
25790541
25790557
25790567
25790569
25790576
25790615
25790624
25790835
25790838
25791420
25791422
25791423
25791442
25791445
25791766
25791779
25791787
25792176
25792571
25792581
25792662
25792820
25793266
25793434
25793630
25793947
25793950
25793968
25794074
25794085
25794201
25794216
25794486
25794629
25794794
25795185
25795196
25795305
25795915
25796099
25796107
25796220
25796388
25796476
25796560
25796585
25797027
25797232
25797816
25797865
25798729
25799240
25799258
25799357
25799382
25799466
25799482
25799536
25799561
25799621
25799999
25801108
25801389
25801541
25801811
26275175
26275354
26275371
26275412
26275602
26275643
26275691
26275933
26276075
26276145
26276152
26276413
26276575
26276704
26277089
26277218
26277231
26277358
26277429
26277486
26277562
26277632
26277781
26277877
26278218
26278417
26279203
26280242
26280454
26280633
26280717
26280771
26281308
26281334
26282091
26282606
26283193
26283326
26283420
26283455
26283672
26284334
26284438
26284540
26284541
26284595
26285703
26286095
26286180
26286247
26286481
26286486
26286621
26286684
26286743
26286897
26286898
26287320
26287759
26287796
26288098
26288100
26288396
26289023
26289048
26289241
26289523
26289668
26289764
26290016
26290436
26290483
26291254
26291650
26291686
26291698
26292907
26292947
26293019
26293060
26293412
26293608
26293652
26293806
26293995
26294345
26294391
26294681
26294693
26295155
26295454
26295656
26295666
26295668
26295736
26296273
26296439
26296659
26296834
26296839
26297004
26297095
26297242
26297551
26297699
26297935
26298536
26298589
26298590
26298781
26298824
26298861
26299325
26299450
26299570
26300555
26301011
26301769
26301773
26302017
26302425
26302618
26303072
26303331
26303566
26303645
26303679
26304045
26304064
26304106
26304212
26304262
26304514
26304664
26304934
26304970
26305114
26305304
26305496
15521163
15521847
15521870
15521871
15521877
15521931
15523073
15523394
15523432
15523451
15523580
15524088
15525654
15525830
15525912
15526203
15527448
15527588
15527641
15528941
15529351
15529371
15530199
15530476
15530601
15530938
15531358
15531624
15531665
15531936
15531968
15531984
15532198
15532615
15532836
15533473
15533487
15533529
15533544
15533545
15533583
15533802
15533898
15534181
15534498
15534846
15535937
15535942
15536026
15536291
15537679
15537697
15537853
15538223
15538235
15538243
15538399
15538932
15538951
15539039
15539714
15539836
15539845
15539847
15539848
15539890
15540288
15540299
15540689
15540707
15540714
15540738
15540754
15541121
15541129
15541132
15541695
15541973
15542160
15542162
15542871
15542937
15543924
15544073
15544078
15544642
15545059
15546056
15546562
15546572
15546647
15546786
15547019
15547059
15547077
15547194
15547522
15547527
15547564
15547569
15547805
15547826
15548153
15548477
15548803
15550175
15550187
15550372
15550499
15550798
15550865
25864211
25864450
25864810
25864819
25865082
25865085
25865191
25865281
25865709
25865975
25866674
25867075
25867552
25867778
25867852
25867874
25868102
25868406
25868433
25868712
25868828
25869021
25869493
25869690
25869746
25869758
25869761
25869772
25869825
25870315
25870891
25870914
25871782
25871786
25871803
25871823
25871901
25872408
25872465
25872644
25872685
25872690
25872693
25873103
25873115
25873542
25873719
25874368
25874396
25874744
25874940
25875011
25875091
25875397
25875676
25875812
25875919
25875973
25876740
25877140
25877223
25877273
25877307
25877434
25877438
25877676
25877815
25877914
25878304
25878354
25879228
25879337
25879411
25879412
25879433
25879438
25880008
25880407
25880489
25880562
25880627
25880736
25880776
25880928
25881186
25881216
25881621
25881915
25881920
25882101
25882124
25882234
25882582
25882664
25882965
25883000
25883058
25883103
25884044
25884173
25884213
25884362
25884505
25884582
25884763
25884802
25885341
25885369
25885417
25885447
25885804
25885916
25885920
25886012
25886361
25886370
25886491
25886722
25886778
25886871
25886874
25886946
25887006
25887075
25887335
25887505
25887660
25887707
25887808
25887826
25888358
25888386
25888410
25888424
25888477
25888586
25888952
25889079
25889170
25889249
25889310
25889428
25889566
25889611
25889673
25889675
25889755
25889767
25889913
25890078
25890179
25890250
25890303
25890778
25890809
25891153
25891654
25891679
25891841
25891926
25891986
25892121
25892309
25892343
25892659
25892875
25893357
25893415
25893489
25894022
25894060
25894257
25894267
25894279
25894458
25894636
19995138
19995263
19995487
19995490
19995865
19995874
19996232
19996347
19996351
19996643
19996794
19996800
19996879
19996986
19996991
19997006
19997093
19997096
19997688
19997727
19997979
19998048
19998350
19998461
19999230
20000063
20001170
20001191
20001416
20001564
20001571
20001934
20001950
20002481
20002621
20002768
20003060
20003202
20003297
20003327
20003486
20003532
20003601
20003630
20003662
20003686
20003719
20003721
20003971
20004264
20004527
20004726
20005010
20005248
20005311
20005433
20005528
20005640
20005692
20006167
20006199
20006205
20006259
20006278
20006544
20006906
20007793
20007943
20008028
20008691
20009491
20009694
20009756
20009770
20009772
20009794
20010343
20010750
20011835
20011860
20011878
20011886
20012070
20012380
20012700
20012907
20013158
20013272
20013291
20013439
20014461
20014545
20014553
20015757
20016048
20016124
20016374
20017617
20017710
20018307
20018308
20018438
20018574
20018577
20018954
20019091
20019121
20019469
20019916
20020430
20021688
20021993
20022238
20022314
20022656
20022999
20023241
20023251
20023333
20023354
20024571
20024893
20025621
20025706
20025831
20026170
9260012
9260699
9260805
9261525
9261631
9262083
9262090
9262882
9262972
9262973
9262975
9262980
9263890
9264582
9264683
9265573
9265920
9266122
9267264
9267562
9267944
9268255
9268944
9268998
9269066
9269701
9269804
9269817
9270631
9270914
9272261
9272414
9272470
9272998
9272999
9273037
9273067
9273452
9273913
9274470
9274477
9276110
9276652
9277607
9278199
9278206
9279303
9279311
9279747
9280091
9280240
9280649
9281239
9281867
9283864
9284200
9286153
9286179
9286316
9286650
9286948
9286950
9286963
9287888
9288507
9288509
9288841
9288860
9289041
9290294
9290370
9290403
9290465
12624293
12625491
12625598
12625969
12625972
12626081
12626909
12626979
12627071
12627083
12627179
12627258
12627337
12627522
12628115
12628260
12628262
12628276
12628945
12629344
12629383
12629406
12629682
12630013
12630407
12630618
12630624
12631000
12631054
12631067
12631186
12631655
12632436
12632499
12632531
12632617
12632710
12633124
12634233
12634520
12634525
12634564
12634570
12635053
12635057
12635669
12636464
12636959
12637642
12637854
12637923
12639663
12639870
12640067
12640244
12640333
12640335
12640343
12640345
12640373
12640512
12640596
12640606
12641781
12642770
12642975
12643215
12643373
12643395
12643407
12643410
12643468
12643518
12643865
12643885
12643889
12644427
12644607
12644756
12644779
12645496
12645715
12645729
12645834
12645867
12646080
12646436
12646546
12646775
12646794
12647907
12648004
12648045
12648182
12648190
12648252
12648578
12648692
12648858
12649058
12649653
12650375
12650380
12650385
12650803
12650880
12651039
12651759
12651791
12651796
12652683
12653159
12653801
12653871
12654146
12654451
12654452
12654547
22694893
22695171
22695209
22695390
22695415
22695416
22695417
22695418
22695443
22695970
22696019
22696518
22696824
22696906
22697111
22697321
22697323
22697813
22698295
22698711
22698970
22699186
22699853
22699933
22699979
22699995
22700619
22700779
22700826
22700862
22700881
22701539
22702655
22703475
22703614
22703726
22703739
22703758
22703768
22703769
22703877
22704051
22704090
22704109
22704309
22704312
22704315
22704459
22705606
22705832
22705968
22706134
22706457
22706464
22706659
22706681
22706984
22707071
22707312
22707490
22707743
22708525
22708680
22708721
22709382
22709493
22709527
22710277
22710427
22710430
22710496
22710782
22710969
22711038
22711063
22711715
22712048
22712437
22712514
22712676
22712731
22712767
22712877
22713111
22713541
22713683
22713735
22713835
22713841
22714067
22714136
22714575
22714955
22715556
22715988
22716036
22716236
22716260
22717042
22717123
22717138
22717218
22717373
22717472
22718099
22718162
22718167
22718226
22718559
22718643
22719895
22721598
22722041
22722675
22723152
22723312
22723507
22723991
22724403
22724532
22725654
22726268
22726451
22726467
22726575
22726672
22726849
22726947
22726975
22727411
22727475
22727634
22728028
22728579
22729146
22729431
22729595
22729605
22729693
22729760
22729799
18253045
18254148
18254366
18254997
18255168
18255297
18256122
18256343
18256884
18256914
18257089
18257690
18257792
18257848
18258154
18259203
18259718
18259725
18259768
18259856
18259991
18260222
18260730
18261154
18261166
18261505
18261560
18262150
18262446
18263637
18263645
18264014
18264783
18264785
18264947
18265533
18265548
18265549
18265676
18265717
18266039
18266178
18266182
18266566
18266570
18266585
18266590
18266611
18266665
18267016
18267043
18267047
18267331
18268852
18269053
18269594
18270279
18270385
18270496
18270640
18270647
18271420
18271959
18272093
18272097
18272528
18272552
18272641
18272669
18272913
18273031
18274041
18274809
18275034
18275358
18275411
18275581
18275680
18276173
18276626
18276956
18277181
18277190
18277309
18277374
18277876
18278206
18278207
18278651
18278679
18278707
18279296
18279400
18279448
18279935
18279937
18279939
18280129
18280284
18280286
18280289
18281394
18282355
18282751
18283222
18283256
18283453
18283599
17042772
17042982
17043339
17043789
17043942
17044223
17045441
17045898
17046323
17046498
17046509
17046725
17047470
17047638
17048423
17048993
17049073
17049711
17049718
17049875
17051097
17051113
17051950
17052746
17052867
17053004
17053286
17054548
17054555
17054597
17054605
17054690
17054799
17054991
17055694
17055751
17056045
17056123
17056932
17056951
17056956
17057141
17057587
17057930
17058408
17058753
17059628
17059701
17059711
17059712
17059717
17059719
17059723
17059738
17059808
17060042
17060754
17060756
17061219
17061754
17062048
17062216
17062223
17062229
17062235
17062246
17062327
17062470
17062480
17062888
17062959
17063129
17063131
17063216
17063274
17063293
17063302
17063305
17063800
17064901
17065176
17065562
17065587
17065672
17065673
17065838
17066239
17067078
17067079
17067367
17067442
17067519
17067970
17068306
17069097
17069835
17069949
17070017
17070163
17070254
17070256
17070371
17070599
17070829
17071039
17071098
17071176
17071186
17071195
17071308
17072769
17072954
17072966
17073226
17073229
17073231
17073879
8250649
8252135
8252144
8252157
8252739
8253339
8257883
8258023
8259429
8262830
8262834
8264055
8265329
8267054
8267197
8269296
8269797
8270355
8271983
8272288
8273633
8273641
8275788
8276209
8276738
8279608
8279610
8280213
8280420
21098149
21098207
21098757
21098831
21098847
21098968
21099388
21099389
21099399
21099647
21102276
21102573
21103739
21103745
21104269
21104402
21104406
21104590
21104621
21105000
21105273
21105991
21106019
21106050
21106309
21106310
21106321
21106604
21106702
21107001
21107113
21107144
21107560
21107740
21107844
21107925
21108014
21108903
21109262
21109376
21109413
21109452
21109911
21109990
21110079
21110725
21111381
21111871
21112078
21113721
21113801
21113802
21114000
21114173
21114199
21114457
21114513
21114531
21114698
21114848
21115098
21116634
21116657
21116751
21116753
21116757
21117282
21117842
21117913
21118495
21118729
21118784
21119317
21120127
21120434
21120633
21121433
21121789
21121798
21121822
21121951
21122498
21122541
21122658
21122725
21122975
21123957
21124137
21124237
21125150
21126195
21126298
21126328
21126642
21126728
21126756
21126850
21126966
21126987
21127278
21127297
21127318
21127355
21127382
21127914
21128031
21128194
21129196
21129371
21129540
21129548
21129746
21129949
21130109
21130755
21131034
21131303
21131349
21131583
21131599
21131756
21132396
21132414
21132415
21132417
18799997
18800005
18800580
18801212
18801220
18801778
18802354
18802685
18802807
18802877
18803068
18803355
18803557
18803810
18805063
18805171
18805180
18805187
18805246
18805253
18805280
18805650
18805757
18805879
18806733
18806921
18806942
18807048
18807122
18807312
18807735
18807744
18808410
18808774
18809056
18809063
18809134
18809152
18809512
18809625
18810698
18810720
18811571
18811576
18811636
18811691
18811748
18812392
18812560
18813936
18813982
18814040
18814903
18815069
18815528
18815602
18815713
18816209
18816331
18817717
18817958
18818045
18818123
18818789
18818888
18819947
18820310
18820343
18820347
18820495
18820533
18820808
18820810
18821055
18821069
18821155
18821651
18821835
18822092
18822401
18822639
18822688
18822840
18822932
18823179
18823433
18823466
18823489
18823490
18823571
18823673
18824382
18824406
18824467
18824645
18824673
18824753
18824756
18824764
18824867
18824870
18824949
18825157
18826356
18826563
18826774
18827101
18827589
18827609
18828938
18828945
18828990
18829003
18829086
18829800
18829801
18829998
18830111
18830549
18831483
9785156
9785157
9785159
9785714
9785916
9785919
9786077
9786104
9786252
9787299
9787316
9787839
9788091
9788387
9788392
9788858
9789511
9789515
9789853
9790365
9790368
9790781
9790818
9791636
9792258
9792964
9793348
9794009
9794023
9794056
9794344
9794564
9794732
9794738
9794989
9795316
9795633
9795705
9795874
9795878
9796488
9796895
9797557
9797659
9797668
9797725
9797846
9798965
9799058
9799322
9799874
9799979
9800798
9800802
9800820
9800830
9800928
9801094
9801177
9801285
9802168
9802724
9802790
9802847
9805573
9805734
9805796
9806319
9807566
9807894
9807920
9808222
9808480
9808484
9808805
9808846
9808972
9809090
9809498
9809568
9809571
9810121
9811049
9811091
9812074
9813760
9814612
9814619
9814739
9814804
9814859
12180944
12181016
12181209
12182297
12182781
12182970
12182977
12183792
12183795
12184413
12184435
12184720
12185057
12185118
12185855
12186513
12186994
12187200
12187206
12187215
12187404
12188242
12188926
12189752
12190089
12190159
12190169
12190713
12190731
12190842
12191526
12191527
12192226
12192230
12192353
12192472
12193006
12193942
12194065
12194393
12195000
12195003
12195456
12195543
12195546
12195632
12195644
12195839
12196495
12196620
12196724
12196869
12198276
12199543
12199829
12199966
12199976
12200640
12200745
12201348
12201826
12201938
12202061
12202069
12202444
12202523
12202704
12202727
12203663
12204983
12205262
12206939
12206948
12207075
12207593
12207681
12207818
13129629
13130112
13130255
13130460
1343606
1350521
1353299
1353492
1354510
1362880
19603223
19603581
19604178
19604381
19604566
19604663
19605885
19605975
19607750
19607768
19608006
19608067
19608123
19608806
19608836
19609164
19609191
19609227
19609674
19610138
19610140
19614719
19615002
19615028
19615067
19615766
19615775
19615828
19616144
19616204
19616280
19616800
19616860
19617184
19617205
19617207
19617276
19617447
19617750
19617755
19617788
19618305
19618437
19618456
19618602
19618790
19618793
19619202
19619310
19619343
19619576
19619698
19619793
19619913
19619930
19620025
19620032
19620161
19620164
19620202
19620445
19620539
19620852
19620951
19621232
19621662
19621722
19621729
19621772
19622027
19622132
19622156
19622159
19622199
19623054
19623170
19623446
19624429
19624520
19625050
19625264
19625555
19625556
19625564
19625984
19626409
19626812
19627223
19627260
19627283
19627532
19627645
19627683
19627874
19627929
19628088
19628097
19628189
19628262
19628282
19628429
19628568
19628623
19628744
19628796
19628813
19629023
19629727
19630485
19630552
19630867
19630933
19630941
19631290
19631477
19631496
19631684
19631927
19632267
19632391
19632416
19632417
19632975
19633051
19633576
19633883
19633893
19634306
19634461
19635301
19635308
19635940
19636177
19636353
19636629
19636983
19637332
19637370
19638048
19638765
19638786
19638821
19639069
17525242
17525545
17525647
17526006
17526632
17526821
17530098
17530236
17530520
17530673
17530688
17531334
17531540
17531627
17531656
17532405
17532408
17532855
17533205
17533212
17533529
17534250
17534687
17534735
17534812
17534823
17535177
17535274
17535277
17535279
17535490
17535531
17535616
17535854
17535940
17535945
17536044
17536636
17537274
17537280
17538113
17538132
17540024
17540798
17540955
17540967
17541030
17541059
17541693
17542294
17542450
17542788
17543081
17543139
17543144
17543257
17543358
17543740
17544321
17544593
17544863
17545343
17545361
17545453
17545495
17545498
17545712
17545862
17545919
17546294
17546533
17546534
17546544
17546705
17546836
17546838
17547581
17547883
17547911
17547987
17548201
17548551
17549317
17549326
17549576
17549592
17550414
17550471
17550505
17550673
17550713
17550928
17551794
17551808
17551819
17551967
17551994
17552043
17552386
17553055
17553382
17554579
17554643
17554650
17554976
17555005
17555384
17555503
17555929
17556396
17556538
17556720
17556822
17557439
17557776
17558067
17558249
17558356
17558493
17559014
17559024
17559653
17559658
17559703
17718216
17719110
17719240
17719360
17719361
17719931
17720256
17720379
17720398
17720521
17721765
17721843
17723808
17723817
17723884
17724422
17724807
17725455
17725601
17725631
17725735
17725913
17725942
17726358
17726359
17726415
17726651
17726653
17726768
17727317
17727526
17727689
17727854
17727883
17727931
17728665
17728960
17729004
17729206
21165364
21166569
21166579
21166636
21166745
21167573
21167727
21167748
21167799
21168021
21168023
21168194
21168222
21168300
21168664
21168709
21168808
21168814
21168865
21168927
21168932
21169153
21169180
21169778
21169814
21170770
21171739
21171794
21171811
21171983
21172099
21172483
21172488
21172509
21172770
21172772
21172798
21172929
21173012
21173193
21173626
21173693
21174052
21174053
21174161
21174170
21174232
21175272
21175274
21175482
21175516
21175808
21175984
21176060
21176061
21176080
21176242
21176275
21176302
21176316
21177047
21177390
21177663
21178351
21178646
21178674
21178811
21178856
21178904
21179908
21179920
21179983
21181460
21181670
21181689
21182135
21182432
21183224
21183524
21183723
21183730
21183748
21183849
21183853
21183862
21184387
21184642
21184849
21185148
21185527
21185670
21185992
21186188
21186202
21186208
21186230
21186329
21186446
21186455
21187197
21188919
21190108
21190109
21190392
21190704
21191582
21191583
21191597
21191698
21192179
21192196
21192513
21192595
21193095
21193143
21193180
21193355
21193702
21194988
21195324
21195327
21195382
21195416
21196073
21196423
21196689
21196690
21196728
21196759
21196809
21196810
21196835
21196921
24362716
24362735
24363078
24363336
24364468
24365087
24365112
24365214
24365272
24365388
24365625
24365793
24365904
24367827
24368141
24368361
24368368
24368379
24368427
24368542
24368643
24368657
24369045
24369216
24370125
24370486
24370538
24370785
24370791
24370797
24371821
24372417
24372456
24372555
24372824
24372867
24372902
24373048
24373216
24373370
24373688
24374086
24374715
24374891
24374999
24375063
24375271
24375274
24375519
24375689
24375774
24375894
24376057
24376536
24376852
24377180
24377339
24377521
24378380
24378430
24378697
24378763
24378806
24378990
24379452
24379657
24379749
24380535
24380584
24380793
24380996
24381095
24382297
24382405
24383370
24383377
24383379
24383551
24383700
24384288
24384418
24384643
24384771
24384878
24385037
24385044
24385473
24385685
24386458
24387671
24388091
24388424
24388846
24390401
24390744
24390828
24390869
24390875
24390881
24390882
24391837
24392496
24392552
24392637
24393075
24393213
24393392
9451066
9451264
9452235
9454651
9455942
9455943
9456088
9456091
9456103
9456670
9456941
9457219
9458137
9458451
9460150
9460489
9462191
9462192
9462580
9463982
9464731
9465239
9465503
9465948
9466642
9467144
9467480
9467519
9468241
9468242
9468254
9468403
9469238
9470007
9471038
9471981
9472375
9472376
9474423
9474440
9474727
9476079
9476185
9476191
9476376
9476747
9476755
9476757
9478326
9479812
9479813
9480036
23619072
23619184
23619245
23619317
23619422
23619543
23619609
23619648
23619651
23619653
23619733
23620128
23620151
23620215
23620322
23620609
23620610
23620729
23621230
23621266
23621318
23621378
23621593
23621702
23621767
23621804
23621835
23622111
23622467
23622579
23622621
23622629
23622655
23622657
23622671
23622724
23622869
23622909
23622975
23623052
23623153
23623244
23623261
23623395
23623463
23623591
23623620
23623809
23623831
23624408
23624448
23624719
23624819
23625066
23625360
23625485
23625820
23627262
23627418
23627542
23627577
23627687
23627829
23627844
23627932
23628111
23628136
23628329
23628407
23628483
23628647
23628651
23628919
23629388
23630146
23630197
23630440
23631657
23631921
23632138
23632318
23632401
23632484
23632595
23632757
23632760
23633026
23633187
23633684
23633971
23634569
23634730
23635421
23635428
23635444
23635863
23635920
23636003
23636086
23636098
23636145
23636513
23636540
23636732
23636866
23637007
23637352
23637353
23637524
23637985
23638050
23638273
23638442
23638767
23639213
23639508
23639702
23639791
23640088
23640292
23640945
23642328
23642527
23642546
23642682
23642762
23642953
23642968
23643232
23643502
23643573
23644848
23644869
23644896
23644921
23645321
23645849
23648007
23648126
23648137
23648576
23648635
23648743
23649125
23649207
23649498
23649749
23649917
23649930
23650433
23650498
23650946
23650988
10361606
10361653
10362238
10362414
10362457
10362886
10363766
10364009
10364023
10364658
10364659
10364754
10364904
10365139
10365833
10365841
10365871
10365904
10366115
10366168
10367299
10367478
10367634
10367847
10367869
10367876
10367923
10368076
10368128
10368204
10368241
10368480
10368486
10368505
10369234
10369491
10369492
10369638
10369820
10370588
10370700
10370953
10372618
10372624
10373777
10374418
10375036
10376182
10376577
10376696
10376751
10376860
10377929
10378489
10378568
10378617
10378708
10378914
10379429
10379430
10379622
10379750
10379797
10380322
10381019
10381044
10381988
10381997
10383530
10384077
10384188
10384331
10385726
10386403
10386487
10386567
10386642
10386716
10387385
10387413
10388643
10388960
10388973
10389044
10390279
10390307
10390453
10390684
10391160
10391166
9574474
9574754
9574942
9575461
9576229
9576252
9576450
9576676
9577018
9577804
9577892
9578051
9578053
9578191
9578853
9578860
9579427
9579432
9579444
9580142
9580524
9580720
9580725
9581005
9581181
9581366
9581985
9582044
9582180
9582474
9582484
9583548
9583629
9583651
9584033
9584242
9585708
9585798
9585850
9586295
9586829
9586906
9587116
9587352
9587355
9587590
9588584
9588616
9589188
9589249
9589340
9590592
9592580
9593243
9593562
9594990
9595234
9595645
9595792
9596301
9596390
9597053
9597626
9597996
9598000
9598468
9598473
9598479
9598558
9598637
9598679
9601996
9602413
9602419
9602657
19671481
19671535
19671594
19671625
19671769
19671817
19672120
19672136
19672166
19672172
19672401
19672591
19672650
19673597
19673703
19674132
19674225
19674267
19674916
19674923
19678787
19678932
19679694
19679712
19680103
19680300
19680303
19680749
19681002
19681778
19681803
19681806
19681891
19681972
19682143
19682828
19682853
19683117
19683119
19683302
19683568
19683759
19683997
19684023
19684299
19684433
19685060
19685114
19686316
19686409
19686923
19686925
19686929
19687758
19688102
19688103
19688387
19688957
19689088
19689507
19689589
19689751
19689831
19689837
19689849
19689987
19690178
19690247
19690411
19690428
19690482
19690665
19690904
19691025
19691085
19691902
19691951
19691983
19691990
19691997
19692015
19692031
19692197
19692319
19692425
19692455
19692716
19692715
19692720
19692939
19693291
19693418
19693521
19693743
19694153
19694689
19694693
19694710
19694968
19695001
19695007
19695088
19695544
19695600
19696300
19697042
19697118
19697301
19697519
19698025
19698039
19698833
19699021
19699379
19699700
19699834
19699860
19699876
19699924
19700347
19700441
19700443
19700870
19700979
19701102
19701105
19701259
19701864
19702448
19702981
19703331
19703345
19703740
19703811
19703846
19703850
19704190
19704354
19705348
11409019
11409135
11409668
11409669
11409670
11410752
11410832
11411198
11411818
11411971
11411975
11412218
11412228
11412557
11412571
11412573
11412607
11412773
11413185
11413530
11415487
11415847
11416073
11416085
11416823
11416974
11417365
11417450
11418416
11419310
11419848
11420020
11420021
11420800
11420809
11421051
11421409
11421434
11421877
11421880
11422024
11422156
11422327
11422471
11422552
11422638
11423265
11423272
11423280
11423284
11423597
11423884
11423917
11423924
11424049
11425977
11426472
11426894
11426988
11427631
11428452
11428555
11428850
11429024
11429230
11429300
11429301
11431657
11431670
11431677
11433080
11433097
11433198
11433631
11433629
11433886
11433896
11433903
11434080
11434494
11434790
11434797
11434850
11435015
11435187
11435188
11435358
11435743
11435829
11435834
11435966
11436085
11437098
11437723
11437805
11437808
11438845
11439235
11439299
11439300
11439419
20409320
20409424
20409438
20410067
20410324
20410854
20410907
20411420
20411474
20411692
20412101
20412139
20412266
20412450
20412614
20413056
20413060
20413156
20413171
20413260
20413526
20413758
20414007
20414532
20414661
20414939
20415155
20415197
20416025
20416053
20416092
20416148
20416247
20416892
20416912
20417584
20417767
20417780
20418004
20418036
20418118
20418226
20418522
20418643
20419358
20419378
20419493
20419502
20419985
20420281
20420726
20420817
20420942
20420964
20421049
20421067
20421083
20421144
20421158
20421807
20422420
20422460
20423275
20423391
20423392
20423446
20423912
20424399
20424456
20424801
20425543
20426261
20426358
20426656
20426823
20427311
20427362
20427551
20427783
20427788
20428876
20429825
20430167
20430196
20430207
20430296
20430354
20430695
20430764
20430790
20431212
20431275
20431297
20431328
20431405
20431708
20432038
20432821
20433401
20433691
20433821
20434220
20434394
20434576
20434618
20434862
20434896
20434951
20435202
20435294
20435431
20435432
20435538
20435593
20435650
20435693
20435937
20435950
20437076
20437247
20437885
20438217
20438403
20438420
20438886
20438917
20438920
20438923
20438925
20438937
20438938
20438939
20438949
20439108
20439290
20439321
20439556
20439924
20440298
20440476
20440629
24842541
24842843
24845191
24845213
24845686
24845736
24845740
24846497
24846748
24846957
24847049
24847514
24847610
24848153
24848177
24848435
24848648
24848658
24848822
24849068
24849522
24849608
24849710
24849731
24850505
24850778
24851256
24851763
24851770
24852030
24852206
24852218
24852308
24852821
24852857
24853113
24853619
24853784
24854032
24854066
24854189
24854252
24854303
24854374
24854503
24854620
24855070
24855346
24855890
24856121
24856179
24856482
24856798
24857272
24857283
24858036
24858433
24858564
24859401
24859570
24859587
24859588
24859596
24859717
24859936
24859940
24861190
24861286
24861302
24861547
24861721
24861973
24862673
24862770
24862833
24862884
24862915
24863093
24863634
24863858
24863961
24863983
24864085
24864246
24864492
24865242
24865698
24866251
24866255
24867087
24867187
24867446
24867449
24867453
24867454
24867458
24867572
24867902
24867924
24868154
24868262
24868303
24868307
24868549
24869000
24869443
24869607
24869608
24869619
24870739
24870789
24871081
24871425
24871454
24871539
24872313
24874297
24875122
24875579
24875811
24875885
24875963
24875965
24876179
15713960
15714008
15715142
15715186
15715362
15715562
15715681
15715829
15716189
15716195
15716206
15716706
15717289
15717391
15718324
15718327
15718863
15718864
15718867
15719303
15720043
15720312
15720314
15720709
15720904
15720930
15720987
15721399
15721427
15721757
15721845
15722368
15722575
15723204
15723376
15723767
15723815
15723941
15724087
15724767
15724773
15725135
15725137
15725640
15725713
15725978
15726225
15727581
15727680
15728168
15728607
15728626
15728647
15728695
15728699
15728953
15729157
15729163
15729176
15729186
15729887
15729980
15730082
15730422
15730536
15730604
15731475
15731591
15731937
15732232
15733169
15733251
15734082
15734200
15734275
15734422
15734780
15735158
15735159
15735195
15735201
15735210
15735389
15735455
15735877
15736082
15736398
15736442
15736520
15736526
15736691
15737024
15737270
15737319
15737785
15737966
15737970
15737971
15738008
15738890
15739114
15739186
15739655
15740521
15740947
15740953
15741020
15741367
15741462
15741471
15741485
15741573
15741611
15741732
15741843
15742452
15742606
15742979
15743285
15743357
15744163
15744526
15744779
18346909
18346955
18346975
18347491
18347858
18347860
18347863
18347873
18347896
18349171
18349191
18349279
18349291
18349328
18349336
18349430
18350408
18350445
18350977
18351033
18351341
18352778
18352800
18353030
18353032
18353048
18353086
18353520
18353529
18354253
18355137
18355258
18355332
18355490
18355513
18355742
18355848
18355912
18355921
18355995
18356070
18356137
18356259
18356411
18356451
18356453
18356717
18356765
18357352
18357403
18357498
18357668
18357842
18358179
18358757
18359029
18359121
18359365
18359637
18359662
18359675
18360319
18361264
18361768
18362300
18362490
18362626
18362627
18362771
18362801
18362806
18362825
18362837
18363492
18363948
18364137
18364368
18364379
18364405
18365562
18365815
18365816
18365973
18366067
18366278
18366716
18366758
18366825
18367100
18367134
18367201
18367759
18367957
18367959
18368316
18368400
18368457
18369238
18369592
18369692
18370611
18371192
18371307
18371468
18371478
18371514
18372024
18372026
18372090
18372144
18372149
18372150
18372152
18372225
18372467
18372966
18373095
18373444
18373585
18373587
18373726
18373757
18373996
18374048
18374049
18374116
18374466
18374760
18375487
18375901
18375967
18376190
18376243
18376304
18376355
18377148
18377490
18377539
18378232
18922178
18922182
18922209
18922346
18922419
18922556
18922587
18922618
18922741
18923249
18923326
18923336
1279494
18032166
18032390
18032426
18032746
18034276
18034395
18034900
18035075
18035077
18035145
18035448
18036146
18036263
18036885
18036893
18037182
18037355
18037388
18037626
18037668
18038060
18038313
18039381
18040030
18040109
18040166
18040193
18040206
18040621
18040996
18041660
18042017
18042029
18042529
18043098
18043113
18043302
18043702
18043937
18043982
18044088
18044297
18044386
18044470
18045256
18045281
18045298
18045309
18045444
18045460
18046062
18046259
18046883
18046907
18047563
18047811
18047945
18047953
18048086
18048426
18048439
18048555
18048565
18048635
18048637
18048817
18049112
18049120
18049166
18049291
18049296
18049349
18049351
18049392
18049811
18050200
18050286
18050362
18050810
18052822
18052953
18052992
18053001
18053054
18053143
18053173
18053370
18053394
18053502
18053762
18054068
18054494
18055483
18055564
18055723
18055831
18055886
18055920
18055921
18056501
18056552
18056890
18057945
18058274
18058444
18058447
18058655
18058679
18058687
18059104
18059986
18060210
18060273
18060337
18060613
18060813
18060966
18061368
18061492
18061828
18061832
18062114
18063067
18063078
18063177
18063178
18063263
18063268
18063833
9877255
9877362
9879264
9879869
9880387
9881271
9881403
9881722
9882027
9882794
9882911
9882914
9882916
9883215
9883406
9883781
9883922
9884009
9884375
9884383
9885611
9885876
9886444
9886587
9887231
9887912
9888128
9888730
9889796
9890349
9891563
9892116
9892310
9892490
9892887
9893592
9894257
9894261
9894994
8762845
8763693
8763710
8764542
8764793
8765349
8765364
8766033
8766447
8766490
8768354
8769033
8770252
8770807
8771501
8771917
8771920
8771929
8772627
8772737
8772756
8772924
8773865
8774169
8774183
8775016
8776311
8776686
8776911
8778492
8780415
8780546
8783100
8785233
8785529
8787445
8787467
8788574
8788575
8789672
8789976
8790096
8790171
8790228
8790260
8790524
8790923
8791862
8792017
8792419
8792501
8792791
25390031
25390056
25391193
25391418
25391527
25391622
25392324
25392344
25392592
25393566
25393569
25393589
25393889
25394316
25394529
25394611
25394816
25394918
25395092
25395149
25395658
25397607
25397964
25398238
25398550
25398817
25399031
25399210
25399221
25399315
25399386
25399388
25399681
25399828
25400076
25400218
25400458
25400465
25400466
25401209
25401484
25401738
25401779
25401949
25401955
25402295
25402852
25403647
25404198
25404402
25404479
25404748
25405034
25406278
25406301
25406932
25407113
25407117
25407391
25407590
25407840
25408214
25409211
25409212
25409487
25410438
25410450
25410575
25410720
25410958
25411304
25411948
25412412
25412817
25412857
25412868
25413026
25413310
25413418
25413457
25413458
25413652
25413992
25415063
25415256
25415275
25415312
25415415
25415467
25415487
25415627
25415694
25415708
25415728
25415829
25416020
25416202
25416208
25416303
25417044
25417210
25417607
25417911
25417973
25418036
25418052
25418507
25418930
25418971
25420427
25420698
25420751
25420764
25420796
25420828
25420902
25420920
25421081
25421265
25421631
25422096
14566457
14566473
14566688
14567459
14567722
14568786
14569825
14570865
14571218
14571228
14571753
14571778
14571781
14571811
14571824
14572359
14572362
14572423
14572558
14572758
14572775
14573425
14573434
14573721
14573972
14574005
14575383
14575399
14575405
14575618
14575845
14577076
14577077
14577079
14578234
14578433
14578650
14578729
14578738
14578758
14578767
14579997
14580072
14580742
14581100
14581664
14581797
14581941
14582543
14582689
14583298
14583303
14583663
14583684
14583687
14584657
14585248
14585384
14585886
14585888
14585900
14585924
14586246
14586272
14586276
14586355
14586609
14586851
14592358
14592584
14593310
14594100
14594535
14594694
14594751
14594895
14595058
14595298
14595303
14596388
14596682
14596758
14597238
14597442
14597452
14597499
14597504
14597845
14597933
14598017
14598613
14598964
14599381
14599878
14599942
14600007
14600053
14600462
14600465
14600522
14600810
14600926
27837123
27837286
27837400
27837443
27838536
27838817
27839687
27840075
27840260
27840263
27840268
27840372
27840431
27841726
27842017
27842589
27842662
27842672
27842676
27842889
27842908
27843052
27843056
27844117
27844202
27844454
27845693
27845867
27846010
27846309
27848022
27848724
27848743
27849259
27851656
27851657
27852234
27852260
27852541
27852641
27852908
27854384
27854390
27855088
27855194
27855288
27855350
27855675
27855805
27856128
27856267
27856403
27858120
27858187
27858226
27858863
27859263
27859275
27859367
27859825
27860123
27861296
27861527
27861543
27861704
27861851
27861929
27862070
27862272
27862497
27862587
27862670
27862683
27862832
27862901
27863359
27863476
27863720
27863722
27864477
27864636
27864831
27864873
27865163
27865168
27865193
27865454
27865593
27865944
27866034
27866088
27866315
27866383
27866389
27866692
27866716
8010465
8010466
8010469
8011257
8011258
8011404
8011405
8012778
8014263
8015119
8015126
8016601
8016798
8019190
8019621
8020306
8021478
8021572
8021733
8024456
8026663
8028539
8029744
8031515
8033044
8037255
8037335
8037340
8037411
8038361
8039039
8039488
8040011
21455329
21455596
21456475
21456917
21457303
21457385
21457574
21457855
21457921
21458151
21458171
21458185
21458309
21458310
21458767
21458832
21458944
21458973
21459261
21459363
21459486
21459529
21459727
21459995
21460076
21460377
21460467
21460469
21460764
21461013
21461734
21461867
21461932
21462192
21462624
21462804
21463729
21463805
21463843
21464365
21464569
21464680
21464739
21465088
21465317
21465329
21465695
21466359
21466591
21466750
21466755
21466984
21467697
21468374
21468613
21468752
21469914
21470238
21470289
21470746
21471422
21471593
21471813
21472128
21472654
21472660
21473974
21474029
21474081
21474147
21474624
21474625
21474808
21474918
21474940
21475341
21475384
21476036
21476056
21476806
21476860
21477016
21477335
21477687
21478463
21478751
21478783
21478797
21479089
21479094
21479758
21479817
21480284
21480308
21480375
21480494
21480776
21481277
21481420
21481631
21481802
21481804
21481930
21482060
21482369
21482401
21482544
21482603
21482643
21483120
21483187
21483211
21483213
21483219
21483418
21484026
21484043
21484371
21484485
21485764
21486098
21486460
21486604
21486856
21486886
21486928
23332248
23332293
23332380
23332487
23332872
23332873
23333038
23333067
23333336
23333543
23333733
23333785
23334056
23334109
23334113
23334624
23334760
23334868
23335035
23335058
23335315
23335377
23335502
23335529
23335563
23335569
23335620
23336618
23336726
23336832
23336845
23337143
23337170
23337270
23337558
23337674
23337726
23337806
23338053
23338482
23338546
23338664
23339005
23339345
23339459
23339566
23339751
23339843
23340072
23340070
23340213
23340278
23340535
23340855
23340948
23341125
23342121
23342551
23342884
23343222
23343579
23343773
23345348
23345358
23345416
23346873
23346903
23346964
23346996
23347606
23347757
23347769
23347974
23348086
23348158
23348266
23348481
23348688
23348886
23349350
23349532
23349926
23350703
23350755
23350757
23350765
23350770
23350819
23351083
23351357
23351501
23351626
23351730
23351760
23351980
23352083
23352153
23352305
23352308
23352420
23352547
23352550
23352584
23352957
23353665
23353885
23354117
23354225
23354231
23354237
23354239
23354262
23354356
23354368
23354464
23355017
23356430
23356595
23356711
23356829
23357305
23357381
23357442
23357445
23358180
23358210
23358408
23358410
23358605
23359175
23359183
23359416
23359479
23359873
23360463
23360529
23360917
23361322
23361437
23361457
23361572
23361573
23361633
23361652
23361934
23363649
23364015
23364133
16979720
16979826
16980075
16980076
16980159
16980507
16980768
16980794
16980850
16981054
16981997
16982023
16982382
16982385
16982393
16982490
16983037
16984055
16984056
16984247
16984514
16984634
16984845
16985160
16985462
16985463
16986610
16987109
16987266
16987339
16987370
16987418
16987681
16989662
16989695
16989698
16989701
16990199
16990234
16990238
16990739
16990957
16991093
16995342
16996139
16996307
16996659
16996910
16996940
16997481
16997676
16998173
16998207
16998428
16998440
16999585
16999670
16999780
17000083
17000247
17000290
17000294
17000296
17000391
17000629
17000960
17001133
17001135
17001143
17001264
17001441
17001558
17001818
17001946
17003298
17003553
17003555
17003686
17003744
17003746
17005203
17005508
17005769
17006061
17006380
17006388
17006428
17006623
17006735
17006742
17006960
17007170
17007171
17007185
17007475
17007616
17008339
17008360
17009629
17009633
17010249
17010397
17010740
17010804
11567802
11567838
11567960
11567962
11568025
11568033
11568048
11568060
11568192
11568671
11568785
11569168
11569627
11569781
11570731
11571658
11571718
11572133
11572575
11572737
11572896
11572901
11573036
11573126
11573720
11573891
11574131
11574221
11574438
11574631
11574745
11575212
11575222
11575648
11575760
11575977
11576010
11576013
11576202
11576353
11576579
11576580
11576583
11577122
11577135
11577756
11578560
11578882
11578993
11579347
11580735
11580736
11580740
11580741
11581478
11581609
11583362
11583457
11583458
11583462
11584476
11584477
11584483
11585198
11585330
11585370
11585397
11586249
11587010
11587011
11587101
11587200
11587254
11587685
11587692
11587911
11588510
11588719
11588738
11589385
11589591
11589977
11590284
11590510
11591924
11592235
11593135
11593347
11594102
11594175
11594273
11594643
11594644
11594860
11595564
11597037
11597547
11598600
11598972
11599200
25102206
25102276
25102707
25103184
25103488
25103635
25104057
25104079
25104120
25104195
25104197
25104276
25104332
25104421
25104430
25104604
25105116
25105351
25105699
25106453
25106781
25106801
25106834
25106835
25107946
25108622
25108834
25108844
25109096
25109444
25109557
25109779
25110122
25110156
25110186
25110298
25110443
25110872
25110879
25111385
25111571
25112818
25112834
25112946
25113012
25113017
25113165
25113266
25113411
25114324
25115220
25115325
25115689
25116001
25116294
25116681
25116923
25117591
25117726
25117746
25117920
25118488
25118657
25118729
25119052
25119463
25120013
25120115
25121808
25122642
25123022
25123116
25123158
25123240
25123243
25123326
25123422
25123701
25123710
25123740
25123800
25124292
25124467
25124584
25124628
25124828
25125047
25125380
25126038
25127227
25127326
25127510
25127520
25127885
25127998
25128052
25128213
25128507
25128922
25129261
25129429
25129605
25130068
25130327
25130504
25130869
25130960
25130981
25131071
25131131
25131141
25131161
25131660
25132013
25132235
25132419
25132593
25132627
25132944
25132948
25132949
25133306
25133495
25133534
25133610
25133827
25133903
25134000
16034477
16034755
16034758
16034765
16035124
16035126
16035208
16037533
16037710
16037871
16038474
16039735
16039775
16039832
16039963
16040084
16040165
16040189
16040326
16040366
16040370
16040462
16040819
16040875
16042673
16042722
16042728
16042737
16042738
16042801
16042960
16043090
16043407
16044738
16044979
16045128
16045145
16045657
16045659
16045664
16045796
16046051
16046260
16046333
16046344
16046375
16046566
16046569
16046689
16046753
16046831
16046950
16047508
16047526
16047531
16047535
16047585
16047715
16048244
16048377
16048395
16049381
16049612
16049816
16050563
16050884
16051014
16051613
16051656
16051945
16052019
16052317
16052575
16052577
16052943
16053593
16053996
16054286
16054378
16054867
16054962
16055226
16055462
16055469
16055471
16055580
16056101
16056102
16060941
16061404
16061781
16061786
16061891
16061895
16061897
16075237
16075825
16076060
16076331
16078952
16079208
16079211
16079423
16079955
16079972
16080096
7500674
7501348
7502133
7502424
7503172
7503184
7503195
7503599
7514313
7515203
7517182
7522950
7524174
7526306
7528368
7529448
15108618
15108786
15108865
15109969
15111135
15111144
15111267
15111272
15111516
15111521
15111542
15111543
15111619
15111771
15111852
15111858
15111861
15112384
15113037
15113054
15113515
15113577
15114037
15114102
15114208
15115545
15115863
15115986
15115995
15117286
15117437
15117438
15117595
15117620
15117631
15117633
15117700
15117712
15117791
15117992
15118434
15118435
15118447
15118636
15118644
15118651
15118818
15119519
15119659
15119915
15119991
15120921
15121360
15121482
15121926
15121951
15122185
15122381
15122559
15123349
15123362
15123482
15124166
15124262
15124840
15124848
15125326
15125464
15125800
15125802
15126176
15126674
15126860
15126867
15127090
15127209
15127277
15127278
15127645
15127909
15128075
15128116
15128121
15128352
15128356
15128688
15128990
15129065
15129074
15129299
15129791
15129834
15129938
15129940
15130187
15130234
15131088
15131543
15131553
15131583
15132023
15132291
15133141
15133356
15133522
15133592
15133783
15133797
15134117
15134157
15134983
15135274
15135675
15135842
15136207
15136385
15136997
15136998
15136999
15137005
15137013
15137017
15137018
15137557
15137605
15138092
15138319
15138372
15138392
15138416
15138793
15138894
15139474
15139581
16594457
16594887
16595275
16595542
16596060
16597668
16598294
16598295
16598297
16598329
16598368
16598402
16598413
16599014
16599352
16599361
16600014
16600463
16600675
16601105
16601387
16601651
16602400
16602409
16602838
16603646
16604379
16605285
16606769
16606914
16607148
16607236
16607469
16607907
16608035
16608142
16608557
16608585
16608612
16608614
16609101
16609104
16609126
16609343
16610166
16610599
16610925
16611778
16612294
16612297
16612532
16613067
16613600
16614018
16614027
16614336
16614455
16614559
16614584
16614632
16615229
16615926
16616216
16617297
16617380
16617407
16617738
16617757
16618559
16618891
16618901
16618913
16618951
16619518
16620055
16620065
16620333
16621227
16621395
16621919
16622445
16622610
16622612
16622748
16623000
16623161
16623275
16623603
16623943
15234913
15235234
15235322
15236135
15236782
15236891
15236921
15237066
15237088
15237119
15237261
15237583
15238110
15238824
15239726
15239756
15239778
15239874
15240200
15240853
15242432
15242434
15243013
15243315
15243782
15245336
15245581
15245582
15245662
15245926
15245951
15246203
15246296
15246305
15246583
15247579
15247716
15247741
15247747
15247761
15247811
15247870
15248135
15248629
15249074
15249269
15249276
15249366
15249405
15249459
15249473
15249605
15250006
15251051
15251304
15251323
15251333
15251337
15251615
15251634
15252076
15252432
15253026
15253481
15253811
15253812
15253822
15254307
15254308
15255488
15255491
15255842
15256527
15256528
15256802
15256980
15257053
15258006
15258015
15258232
15258430
15259256
15259298
15259825
15259831
15261319
15261636
15261904
15262028
15262031
15262355
15262358
15262640
15262665
15262690
15262735
15263788
15263794
15264120
15264162
15264183
15264239
15264939
15264940
15265101
15265129
15266405
15266762
12208641
12209040
12209289
12209297
12209480
12209684
12210018
12210020
12210490
12211117
12211728
12211732
12212017
12212365
12213144
12213183
12214186
12214797
12214902
12214907
12215089
12215585
12215924
12215947
12216762
12216763
12217279
12217301
12217745
12217757
12217760
12218503
12218526
12218831
12218960
12218983
12218981
12219018
12219022
12219153
12221410
12221573
12221654
12222719
12223006
12223320
12224066
12224673
12224675
12224674
12224981
12225445
12225626
12226013
12226059
12226123
12226124
12226775
12227973
12228792
12229164
12229961
12230535
12230622
12230621
12230903
12232447
12232883
12233876
12234443
12235573
12235603
12235611
12237495
12238259
12238284
12238542
12238831
12238844
12239023
12239055
12239650
12239906
12239936
12239961
8793413
8795480
8795516
8795524
8795782
8795788
8795789
8795858
8796405
8796747
8797918
8798108
8798110
8798129
8798140
8800108
8800737
8800891
8803588
8803753
8804486
8805605
8808540
8808958
8808960
8808967
8809955
8810966
8811376
8813262
8813656
8814674
8814856
8816312
8816527
8817435
8819223
8819378
8819411
8820184
8820769
8821109
8821645
8821683
8822242
8822688
8822981
8823087
8823460
8823682
8824043
8824063
8825161
8825162
9512833
9512955
9513832
9513874
9513876
9514490
9515134
9515524
9515537
9516000
9516495
9517633
9517862
9518969
9518983
9518985
9519132
9519136
9519485
9519487
9519933
9520007
9520023
9520167
9520912
9521360
9521361
9521936
9521944
9522313
9523670
9523812
9523818
9524604
9524987
9524992
9525552
9525795
9526191
9526464
9526518
9526523
9526940
9527181
9527291
9527937
9527965
9529178
9529550
9531233
9531372
9533502
9534500
9534503
9534504
9534853
9536839
9536881
9536993
9537305
9537634
9537720
9537867
9539272
9539505
9539532
9540082
9541290
24939927
24941494
24942071
24942268
24942479
24942485
24943051
24943410
24943670
24943745
24943906
24943912
24943977
24944187
24944492
24945103
24945162
24945167
24945183
24945241
24945267
24945286
24945391
24945591
24945695
24945819
24945869
24946025
24946436
24946442
24946743
24947404
24947473
24947505
24947556
24947578
24947762
24947789
24947804
24947946
24948201
24949444
24949543
24949546
24949839
24950136
24950302
24950477
24950523
24950603
24950889
24951067
24951075
24951134
24951200
24951731
24951735
24951771
24951947
24952017
24952078
24952265
24952386
24952441
24952686
24952866
24953046
24953092
24953251
24953266
24953267
24953270
24953481
24953511
24954286
24954313
24954423
24954426
24954832
24954835
24954925
24955755
24955905
24956257
24956263
24956599
24956971
24957220
24957306
24957485
24957486
24957846
24958407
24958480
24958486
24958603
24958638
24959737
24959935
24960077
24961202
24961395
24961496
24961585
24961747
24961827
24962186
24962500
24962537
24962721
24962788
24962789
24962830
24962938
24963546
24963560
24963883
24964062
24964171
24964237
24964378
24964397
24964756
24964875
24964887
24964902
24964911
24965071
24965398
24965707
24965769
24965805
24965859
24965979
24965985
24965991
24966079
24966185
24967148
24968044
24968045
24968185
24968310
24968880
24968965
24969079
24969125
24969283
24969309
24969517
24969763
24969923
24969957
24970325
24970550
24970739
24970839
24970879
15554772
15554989
15555028
15555461
15555611
15555694
15555711
15555722
15556051
15556964
15557041
15557510
15557673
15557904
15557943
15558526
15558915
15560903
15561202
15561222
15561271
15562383
15563426
15563993
15564275
15564627
15564696
15564774
15564807
15564907
15564984
15565553
15565629
15565893
15566277
15566436
15566435
15566445
15567448
15568147
15569005
15569119
15569897
15569901
15569962
15570124
15570134
15570208
15570210
15570522
15570536
15570653
15570756
15571515
15571547
15571577
15571591
15572498
15572618
15572646
15573030
15573179
15573284
15573382
15574151
15574470
15575575
15576007
15576523
15576539
15576703
15576834
15577589
15577849
15578128
15578358
15578502
15578672
15579184
15579197
15580014
15580015
15580035
15580065
15580175
15580719
15581166
15581337
15581820
15582133
15582248
15582249
15582843
15582869
15583466
15583907
18751466
18751625
18751718
18751969
18752020
18752125
18752153
18752779
18753004
18754743
18755031
18755406
18755460
18755697
18755922
18756176
18756342
18756343
18756364
18757224
18757235
18757381
18758222
18758223
18758225
18758818
18758870
18759725
18759748
18759800
18759806
18759875
18760152
18760400
18760628
18760872
18761241
18761366
18761571
18761627
18761771
18761875
18762505
18763004
18763030
18764846
18764993
18765029
18765458
18766030
18766158
18766394
18766404
18766412
18767196
18767272
18767286
22841168
22841215
22841235
22841244
22841277
22841973
22842025
22842057
22842107
22842161
22842210
22842308
22842363
22842612
22842713
22842714
22842954
22843035
22843103
22843355
22843427
22843513
22844066
22844067
22844726
22845007
22845029
22845678
22846109
22846223
22846332
22846597
22846795
22846938
22846942
22846954
22846978
22847093
22847212
22847517
22847880
22848407
22848483
22849509
22849920
22850262
22850757
22850806
22850807
22850903
22851143
22851148
22851553
22851700
22851813
22853971
22854137
22854144
22854151
22854152
22854361
22854387
22854399
22854502
22855001
22855163
22855166
22855290
22855323
22855418
22855521
22855566
22855733
22856543
22856551
22857015
22857656
22857752
22857805
22857947
22858216
22858220
22858277
22858289
22858356
22858381
22858420
22858444
22859342
22859543
22859658
22860239
22860690
22860884
22861071
22861490
22862839
22862986
22863242
22863326
22863647
22863795
22864520
22864650
22864842
22865531
22865794
22866434
22866672
22866866
22866914
22866941
22867073
22867099
22867112
22867681
22868011
22868241
22868485
22868832
22868919
22869252
22869623
22869877
22870947
22871537
22871677
22871787
22872027
22872070
22872219
22872223
22872273
22873093
22873571
22873632
22873656
22874004
22874083
22874120
22874489
22874528
22874735
22874844
22875008
22875077
22875219
22875310
22875644
22875646
22875713
22875793
22876044
22876584
19214195
19214301
19214335
19214698
19215256
19215334
19215561
19215618
19216651
19216893
19216952
19216996
19217354
19217604
19217728
19218047
19218074
19218076
19218251
19218283
19218797
19219396
19219447
19220219
19220548
19220608
19220616
19220621
19220878
19220917
19220949
19221097
19221114
19221172
19221326
19221400
19221399
19221457
19221680
19221854
19221909
19222050
19222128
19222664
19222773
19223117
19223317
19223335
19223385
19223694
19223965
19224210
19224285
19224360
19224501
19224927
19225265
19225271
19225442
19225754
19225910
19225955
19226365
19226381
19226513
19227729
19228092
19228096
19228509
19228667
19228680
19228813
19229427
19229615
19229680
19229747
19230217
19230453
19230639
19231103
19231280
19231370
19231373
19231383
19231550
19231769
19231926
19232153
19232233
19232335
19232369
19232502
19232586
19232594
19232696
19232699
19232816
19232875
19232903
19232937
19233415
19233689
19234002
19234008
19234016
19234694
19234706
19234820
19234865
19234974
19235129
19235242
19235781
19235786
19236136
19236364
19236441
19236697
19237113
19237157
19237305
19237331
19237433
19238157
19238405
19239377
19239457
19239589
19239593
19239596
19239602
19239917
19240287
19240454
19240574
19240651
19240710
19241229
19241300
19242359
19242888
19243069
19243359
19243465
19243733
19243762
19244053
19244087
19245382
19245685
19245903
19245904
19245912
11504102
11504521
11504956
11505316
11505342
11505490
11506104
11506769
11508539
11509159
11509427
11510700
11511557
11511603
11512006
11513231
11514249
11514400
11515622
11515629
11515864
11515875
11516030
11516210
11516346
11517015
11517040
11518459
11518473
11518631
11519060
11520137
11520310
11520386
11520752
11522273
11522280
11522555
11522557
11522699
11522737
11522878
11523674
11523701
11524592
11524646
11525225
11525707
11526264
11526357
11526372
11527367
11527482
11527514
11527516
11527607
11527623
11527641
11527781
11528607
11529655
11529696
11529975
11529986
11529987
11529991
11531721
11531839
11531902
11532423
11532838
11533421
11533517
11533590
11533820
11535481
8161261
8161766
8164918
8165077
8165079
8165688
8165691
8165989
8165996
8166156
8168410
8173428
8173457
8174052
8174059
8175246
8175442
8178251
8178857
8179045
8180635
8180717
8181118
8181123
8184997
8185095
8185703
8188905
8189178
26115462
26115511
26116206
26116303
26116322
26117164
26117205
26117267
26117377
26117433
26117584
26117796
26118257
26118616
26118947
26119013
26119207
26119214
26119452
26119561
26120064
26120066
26120799
26120950
26121704
26121890
26121909
26122087
26122259
26122493
26122558
26122606
26123019
26123206
26123244
26123329
26123545
26123832
26123856
26124045
26124077
26124264
26124265
26124315
26124372
26124459
26124512
26124818
26125170
26125407
26125418
26125450
26125557
26126056
26126305
26126393
26126656
26126712
26126991
26129636
26129817
26129876
26130285
26130335
26130366
26131416
26131782
26131789
26131961
26132581
26132914
26133255
26133256
26133284
26133382
26133552
26133576
26133729
26133766
26133908
26134266
26135078
26135337
26135347
26135762
26135763
26135776
26135785
26135822
26135824
26136204
26136275
26136285
26137867
26138181
26138455
26138707
26139078
26139311
26139358
26139485
26139496
26139502
26139617
26139690
26139731
26140659
26140738
26140836
26140849
26141003
26141164
26141304
26142027
26142170
26142212
26142575
26142586
26142715
26142716
