24158215
24158232
24158349
24158351
24160374
24161421
24161424
24161700
24161781
24162156
24162268
24162520
24162619
24162707
24163152
24163153
24163392
24164585
24164639
24164696
24164716
24164843
24164858
24164901
24164955
24165087
24165452
24165461
24165682
24165699
24165794
24166026
24166075
24166291
24166470
24166670
24166692
24166914
24167023
24167033
24167911
24168500
24168522
24168703
24168972
1436860
1440718
1442405
1442972
1443390
1443954
1445441
1446475
1446999
1448244
1452792
1458108
1458941
1462789
20026494
20026712
20026808
20026829
20026831
20027008
20027097
20027661
20027978
20028294
20028500
20028570
20028571
20028575
20028700
20028952
20029222
20029354
20030660
20031224
20031251
20031265
20031304
20031367
20031517
20031807
20031854
20032782
20032902
20033133
20033176
20033621
20033708
20033722
20034389
20034975
20035068
20035979
20036098
20036407
20036435
20036578
20037683
20037835
20037900
20038470
20038473
20038474
20038479
20038840
20038868
20038881
20038931
20038934
20038966
20039207
20039447
20039501
20039823
20039845
20039863
20039915
20040834
20041247
20041387
20041397
20041577
20042225
20042226
20042261
20042270
20042476
20042892
20043162
20043715
20044215
20044227
20044247
20044330
20044765
20044772
20044867
20044966
20045225
20045272
20045300
20045348
20045503
20046158
20046413
20046494
20046496
20047196
20047785
20047925
20047934
20047993
20048089
20049111
20049566
20050900
20050936
20051059
20051103
20051113
20051189
20051508
20051546
20051785
20051882
20051927
20052441
20052567
20052730
20053262
20053518
20054410
20054545
20054744
20054753
20055692
20056005
20056062
20056296
20056340
20056401
20056458
20056471
20056618
20056763
20057157
20057328
11788169
11788330
11789623
11790239
11790572
11791086
11791644
11791810
11792931
11792958
11794058
11795211
11795712
11796088
11796398
11796462
11796545
11796546
11796553
11796554
11797068
11797293
11797871
11797967
11798446
11798477
11800202
11800326
11801436
11801505
11801622
11801906
11801930
11801931
11802039
11802083
11802258
11802292
11803094
11803095
11803323
11803333
11803843
11804363
11804382
11804888
11804906
11805414
11805431
11805498
11805776
11808966
11808985
11808986
11810118
11810120
11810797
11810990
11811610
11812670
11813115
11813129
11813130
11814170
11815642
11815904
11815910
11816541
11816866
11817221
11817240
11817525
11817915
11817923
11818762
11819085
11882438
11882439
11882812
11883343
11883842
11883999
11884012
11884247
11884782
11884919
11885370
11885380
11885432
11885567
11886011
11886370
11886436
11887192
11887809
11887816
11888096
11888101
11888411
11888753
11888823
11888837
11888873
11888874
11888982
11889008
11889237
11889447
11889808
11889891
11890233
11890237
11890487
11890588
11890851
11890910
11891943
11891961
11891966
11892432
11892731
11893131
11894534
11894972
11895224
11895487
11896094
11896130
11896139
11896810
11897178
11897456
11897465
11897535
11899143
11899180
11899189
11899198
11899589
11899684
11901045
11901315
11901320
11901332
11901446
11901568
11901746
11901970
11902451
11902634
11902700
11903088
11903123
11903527
11903774
11903784
11904270
11904597
11904627
11904628
11905414
11905972
11906333
11906419
11906590
11906891
11906977
11907005
11907661
11907721
11907851
11907853
11907932
11907946
11908337
11908577
11909908
11910295
11910881
11912380
11912392
11912402
11912423
11912465
11912525
11913613
25358618
25359130
25359528
25359569
25360627
25360872
25361555
25361572
25361634
25361722
25361734
25361836
25361844
25361991
25362627
25363069
25363300
25365270
25365565
25365589
25365717
25365882
25366380
25366527
25366571
25366657
25366807
25366816
25366906
25367096
25367109
25367183
25367299
25367556
25367748
25367868
25368274
25368277
25368319
25369279
25369808
25369865
25369990
25370343
25370499
25370675
25370701
25371242
25371347
25372059
25372242
25372582
25372910
25372921
25373052
25373106
25373121
25373527
25373535
25373610
25373723
25373865
25373873
25374040
25374271
25374401
25375049
25375301
25375302
25375391
25375778
25376179
25376228
25376259
25376363
25376433
25376440
25376643
25376830
25377023
25377134
25377191
25377235
25377268
25377366
25377445
25377858
25378028
25378084
25378451
25378506
25378511
25379598
25379656
25379824
25379857
25379858
25380004
25380282
25380304
25380308
25380318
25380549
25380629
25380693
25380789
25380867
25380885
25380917
25380929
25381080
25381439
25381943
25382094
25382124
25382265
25382540
25383437
25384403
25384428
25384473
25384474
25384701
25384836
25385202
25385206
25385666
25385683
25385735
25387723
25387852
25387987
25388219
25388330
25388434
25388593
25388864
22877515
22877762
22877891
22877974
22878097
22878114
22878258
22878370
22878530
22878586
22878619
22878839
22878907
22878969
22879091
22879092
22880886
22880957
22881048
22881051
22881605
22882103
22882206
22882378
22882465
22882586
22882600
22882700
22882919
22882931
22882972
22883342
22884256
22884363
22884364
22884449
22884483
22884598
22884689
22884811
22885710
22885832
22885866
22886336
22886389
22886569
22886593
22887494
22887692
22887796
22888711
22889133
22889271
22889325
22889402
22889729
22889776
22890248
22890258
22890691
22890944
22891050
22891361
22891399
22891875
22892011
22892067
22892139
22892226
22892259
22892363
22892618
22892619
22892929
22893316
22893482
22893496
22893871
22894432
22894682
22895097
22895229
22895624
22895687
22895689
22895693
22895832
22897391
22897392
22897562
22897605
22897643
22897662
22898008
22898100
22898156
22898435
22898988
22899027
22899183
22899209
22899342
22899559
22899665
22899755
22899771
22899829
22900679
22900840
22900924
22901332
22901583
22901711
22901713
22901787
22901845
22902042
22902107
22902661
22902673
22902737
22903011
22903285
22903286
22903365
22903484
22903790
22903853
22904295
22905469
22905633
22905679
22906003
22906144
22906499
22906616
22906918
22907111
22907486
22908079
22909051
22909266
22909670
22909917
22910161
22910277
22910301
10756401
10756407
10756601
10756661
10757381
10757437
10757575
10757629
10757864
10758053
10758289
10758380
10758736
10758958
10759270
10759573
10759657
10759663
10760117
10760444
10760557
10761348
10761649
10761789
10761959
10762449
10763074
10763937
10764136
10764182
10764481
10764721
10765097
10765132
10766094
10767237
10767792
10767829
10768532
10768623
10768675
10768707
10769104
10769701
10771500
10771502
10771562
10772035
10772299
10772403
10773253
10773568
10773970
10774077
10775009
10776681
10776715
10776992
10777088
10777224
10777980
10778690
10778811
10778814
10778818
10779087
10779238
10780140
10780602
10780717
10781520
10781775
10782424
10782425
10783203
10783568
10784224
10784272
10784372
10784519
10786867
2614321
19503661
19503663
19504112
19504117
19504354
19505430
19505792
19505886
19506415
19506430
19506819
19506973
19507123
19507124
19507238
19507631
19508818
19508997
19509190
19509308
19512901
19513008
19513734
19513800
19513932
19513933
19513939
19514802
19514807
19515082
19515114
19515404
19515506
19515733
19517113
19517186
19517192
19517336
19519827
19519971
19520025
19520026
19520099
19520478
19520981
19520988
19521085
19521096
19521109
19521272
19521273
19521703
19521709
19522691
19522774
19522793
19522906
19522977
19523000
19523598
19523670
19523840
19523843
19523853
19523854
19524395
19524400
19524409
19524496
19524734
19524875
19524972
19525099
19525791
19525873
19526165
19526406
19527389
19527565
19528192
19528792
19529898
19529915
19529997
19530002
19530042
19530499
19530514
19530588
19531215
19531279
19531308
19531528
19531540
19531755
19531946
19531997
19532000
19532133
19533061
19533167
19533240
19533242
19533487
19533849
19534624
19534782
19535701
19536001
19536575
19536721
19537367
19538063
19538088
19538741
19538903
11034511
11034582
11035137
11035323
11035325
11035355
11035619
11035682
11035683
11035861
11036130
11036805
11036806
11037645
11037659
11037989
11038423
11039171
11039227
11039640
11040013
11040014
11040170
11040911
11041122
11042237
11042567
11042583
11043131
11043881
11043992
11043998
11044140
11044149
11044262
11044283
11045703
11045705
11045848
11046188
11049120
11049240
11049943
11050734
11050736
11050975
11051126
11051129
11051146
11051355
11051372
11052212
11052298
11052517
11052523
11053277
11053597
11053603
11053821
11054198
11054199
11054508
11054896
11055321
11055450
11055758
11056446
11056758
11057700
11057709
11057781
11057807
11058629
11058647
11059116
11059437
11059884
11059940
11060533
11061610
11061773
11061781
11061797
11061800
11061893
11061929
11061944
11062281
11062726
11062805
11063112
11063150
11063433
11063660
11063956
11064311
11064528
11064530
11064893
11064899
11065209
11067248
16466094
16466123
16466407
16466848
16466942
16467318
16467748
16468083
16469012
16469015
16469023
16469218
16469564
16469585
16469791
16470497
16470498
16470499
16470505
16471091
16473033
16473516
16473922
16475153
16476592
16476830
16477230
16477372
16477582
16478378
16478572
16478643
16479028
16479127
16479341
16479424
16479827
16480005
16480013
16480415
16480565
16480570
16480761
16481244
16481246
16481379
16481893
16482599
16482772
16483298
16483549
16483640
16484235
16484237
16484814
16485087
16485574
16485631
16487200
16488841
16488941
16488949
16489883
16489900
16489943
16490024
16490238
16490544
16490549
16490566
16490606
16490617
16490729
16490995
16491232
16491523
16491723
16492215
16492216
16492275
16492301
16492334
16492589
16492633
16492793
16493178
16493510
16493528
16494551
16495027
16495142
16495200
16495696
16495799
16496034
16496834
16497624
16497697
24069876
24070459
24070549
24070797
24071046
24071450
24071465
24071468
24071488
24071492
24071499
24071606
24071795
24071947
24072006
24072133
24072557
24072718
24072775
24072943
24073408
24073614
24073947
24074420
24074481
24074722
24074932
24074976
24074985
24074987
24075310
24075378
24076541
24077657
24077699
24077780
24077863
24077960
24078001
24078028
24078280
24078715
24078837
24078985
24079099
24080114
24080307
24080371
24080613
24080758
24081426
24081539
24081944
24082849
24083021
24083733
24083738
24083884
24084143
24084288
24084597
24084843
24085316
24085775
24086087
24086292
24086575
24086627
24087909
24088193
24088218
24088269
24088295
24088635
24088987
24089018
24089109
24089158
24089322
24089329
24089987
24090195
24090868
24090969
24091094
24091202
24091318
24091380
24091623
24091822
24091985
24092549
24092646
24093490
24093662
24093824
24093976
24094702
24094925
24095103
24095229
24095611
24095935
24096432
24096455
24096755
24096759
24096767
24096920
24097031
24097138
24098355
24098419
24098782
24098870
24099444
24100095
24100238
24100380
24100959
24100960
24101306
24101307
24101315
24102423
24102422
24102936
24102986
24103055
24103076
24103085
24103462
24103670
14666455
14666463
14666474
14667594
14667599
14668719
14668723
14668954
14669119
14669272
14669289
14669292
14670273
14670887
14671433
14672399
14672472
14672490
14672764
14672776
14672780
14673041
14673052
14673372
14673580
14674207
14674286
14674666
14675062
14675226
14675674
14676242
14676500
14676502
14676511
14676731
14677170
14677186
14677192
14678292
14678370
14678371
14678381
14678559
14678813
14679324
14680350
14680352
14680353
14680499
14681632
14681643
14682416
14682498
14684712
14684729
14684763
14685450
14686018
14687258
14687310
14687382
14687386
14687393
14687426
14687734
14687738
14687740
14687825
14687831
14687833
14688168
14688558
14688593
14688594
14688680
14688694
14690189
14690257
14690998
14691004
14691121
14691277
14691361
14691693
14691894
14692026
14692303
14692352
14692652
14692969
14693035
14693324
14693888
14693897
14693988
14694375
14694448
14694953
14695071
14695460
14695728
14695764
14695787
14695958
14696415
8401684
8402474
8403336
8404181
8404428
8407337
8407748
8408694
8408696
8408698
8408937
8410405
8411462
8411499
8414277
8414822
8414831
8417077
8417078
8418541
8418547
8419220
8419231
8421342
8422203
8422831
8423960
8424543
8426205
8427110
8428476
21029088
21029092
21029093
21029133
21029176
21029947
21029999
21030000
21030143
21030226
21030395
21030541
21031340
21033209
21033228
21033550
17654690
17654734
17655564
17655709
17655760
17655949
17656177
17656206
17656224
17656405
17656411
17656420
17657548
17657702
17658076
17658622
17658996
17659081
17659221
17659559
17659589
17659727
17659736
17659883
17660002
17660078
17660265
17660515
17660752
17661244
17661770
17661772
17661855
17661863
17661880
17661966
17662317
17662378
17662783
17662787
17663627
17664190
17664461
17664502
17665295
17665305
17665498
17666067
17666445
17666549
17667094
17667190
17667304
17667495
17667499
17667575
17667641
17668177
17668419
17669058
17669320
17669774
17671003
17671279
17671285
17672846
17673355
17673693
17673708
17673716
17673721
17674114
17674244
17674299
17674340
17674547
17675600
17675617
17675656
17676198
17676206
17676216
17676518
17678513
17679028
17679044
17680725
17681064
17681999
17682248
17682306
17682825
17682950
17683310
17683313
17683455
17683492
17683535
17683557
17683824
17684024
17684126
17684132
17684199
17684523
17684623
17684721
17685255
17685734
17685750
17685909
17685959
17686073
17686201
17686207
27716603
27716891
27717198
27717293
27717319
27717327
27717427
27717542
27717734
27718051
27718360
27718480
27720192
27720195
27720232
27720303
27720375
27720514
27721170
27721215
27721260
27721277
27723548
27723634
27724901
27724962
27725219
27725485
27726923
27726942
27727040
27727043
27727296
27729018
27729040
27729133
27730353
27730385
27730453
27731521
27732680
27733111
27733203
27734061
27734147
27734796
27735881
27736158
27736712
27736848
27736908
27736927
27737698
27737735
27738824
27739060
27740712
27741006
27741010
27741275
27741414
27742029
27742103
27742158
27742168
27742282
27742328
27742330
27742472
27742484
27742539
27742563
27742626
27742627
27743710
27743898
27745552
27745721
27745758
27745940
27746121
2370508
2390566
19408042
19408364
19408736
19408737
19409240
19409306
19409559
19409656
19410035
19410107
19410352
19411198
19411357
19413262
19413539
19413796
19414122
19414840
19415034
19415965
19416439
19417602
19417724
19417973
19418103
19418394
19418708
19418738
19419383
19419390
19419843
19420972
19421050
19421072
19421075
19421749
19421894
19422489
19422584
19422758
19423171
19423388
19423543
19423853
19424043
19424459
19424749
19425887
19426172
19426566
19427095
19427159
19427238
19427262
19427745
19427781
19428089
19428967
19429234
19429720
19429732
19430237
19430714
19431158
19432037
19432602
19432712
19433169
19433389
19434436
19434784
19436231
19437078
19437198
19437457
19438144
19438152
19438434
19438776
19438895
19439091
19439578
19439706
25802081
25802162
25802401
25802470
25803020
25803073
25803245
25803773
25803999
25804423
25804624
25805084
25805273
25806794
25806808
25806830
25807090
25807404
25807405
25807580
25808020
25808123
25808244
25808923
25808949
25809513
25809557
25809653
25809814
25809925
25810271
25810291
25811196
25811396
25811484
25811489
25811770
25812117
25812142
25812448
25812550
25812782
25812905
25813435
25813476
25813652
25813692
25813961
25814269
25814428
25814497
25815614
25816287
25816397
25816868
25816904
25817302
25817397
25817601
25817619
25817627
25817909
25818169
25818266
25818321
25818547
25818746
25818844
25818911
25818917
25819066
25819076
25819110
25819188
25819230
25819383
25819578
25820204
25820303
25820354
25820480
25820630
25821227
25822012
25822029
25822302
25822544
25822616
25822647
25822859
25822940
25823504
25823516
25824293
25824473
25824539
25824545
25824868
25824920
25825099
25825201
25825345
25825508
25825925
25827344
25827590
25827664
25827906
25827937
25828093
25828166
25828253
25828981
25829194
25829322
25831219
25832290
25832690
15203256
15203754
15204374
15204375
15204380
15204456
15204506
15205235
15205397
15205563
15205871
15205979
15205995
15206040
15207930
15208101
15208157
15208231
15208236
15208498
15208979
15209121
15209580
15209599
15209604
15209766
15209770
15209841
15209973
15210039
15210407
15210461
15210488
15210495
15210672
15210889
15211080
15211123
15211124
15211729
15212644
15212651
15213493
15213647
15213904
15214145
15214285
15214458
15215005
15215012
15215701
15215788
15216851
15217564
15217582
15217599
15217637
15217778
15218006
15218280
15218456
15218463
15219484
15220013
15220241
15220376
15220770
15220897
15221323
15221811
15222298
15222789
15223170
15223224
15223396
15223682
15223786
15223938
15224214
15224458
15224852
15225187
15225270
15225340
15225387
15225500
15226043
15226149
15226284
15226329
15228185
15228627
15228804
15229001
15229007
15229350
15229903
15229918
15229956
15230363
15230507
15230799
15231913
15231928
15232239
15232394
15232524
15233659
15233778
15234420
15234431
15234659
19932235
19932237
19932264
19932907
19933222
19933248
19933476
19933686
19933780
19933981
19934094
19934141
19934144
19934167
19934169
19934619
19934640
19934708
19934772
19934797
19934914
19934980
19935283
19935374
19935450
19935463
19935821
19936363
19936417
19936426
19936590
19936714
19936845
19937005
19937189
19937405
19937447
19937477
19937602
19937778
19938055
19938202
19939205
19939281
19939659
19939694
19939978
19940085
19940253
19940458
19940482
19940523
19940542
19940673
19940761
19940780
19940787
19941093
19941285
19941544
19941684
19941728
19942400
19942401
19943865
19944052
19944193
19944321
19944391
19944412
19944493
19944550
19944997
19945818
19945955
19946042
19946100
19946776
19946940
19947034
19947900
19948511
19948526
19948565
19948605
19948642
19948693
19949771
19949947
19950271
19950305
19950307
19950308
19950321
19950385
19950732
19950804
19950814
19951010
19951246
19951345
19951390
19951457
19951983
19951987
19952059
19952123
19952675
19952716
19952821
19953330
19953442
19953563
19953578
19953844
19954097
19954571
19954929
19954930
19955160
19955598
19955738
19955883
19956171
19957207
19957860
19958058
19958289
19958290
19958442
19958926
19958940
19958947
19959037
19959195
19959245
19959381
19959433
19959435
19959620
19959694
19959970
19960161
19960183
19960239
19960758
19960845
19960892
19961334
19961366
19961520
19961563
19961914
19962155
19962733
19962835
19963205
19963233
19963238
19738131
19738386
19739264
19739277
19740045
19740046
19740493
19740637
19740702
19740970
19741110
19741400
19741434
19741490
19742311
19742352
19743497
19743736
19744135
19744224
19744588
19745608
19745768
19745837
19746451
19746754
19747027
19747044
19747358
19747678
19747837
19747892
19748004
19748130
19748146
19748148
19748373
19748615
19748846
19748851
19748857
19749201
19750261
19750572
19750799
19750802
19750849
19750923
19750925
19750928
19750956
19751085
19751388
19751711
19752341
19752384
19752389
19752483
19752530
19752549
19752619
19752621
19752709
19752757
19752762
19752770
19753582
19753945
19754520
19754662
19754689
19755464
19755935
19756424
19756636
19756676
19756772
19756832
19756888
19757442
19758285
19758425
19758509
19759030
19759883
19759998
19760168
19760210
19760420
19760488
19760670
19760803
19760915
19760916
19760941
19760960
19760990
19761580
19761635
19761923
19762082
19762219
19762254
19762338
19762952
19763368
19763580
19763675
19763842
19764137
19764595
19764655
19764662
19764908
19764933
19765420
19765428
19765435
19765437
19765609
19765731
19765732
19765740
19765809
19765955
19766214
19766309
19766387
19766785
19766808
19766811
19766944
19767216
19767334
19767592
19768294
19769011
19769191
19769796
19769797
19769821
19769824
19769827
19769844
19769869
19770119
27067470
27067606
27067756
27067755
27067760
27067864
27067868
27068100
27068174
27068292
27068303
27068384
27068452
27068545
27068637
27069190
27070446
27070670
27070683
27070836
27070843
27070844
27071495
27071521
27071619
27071715
27071924
27072092
27072224
27072611
27072934
27072941
27073841
27074194
27074802
27075194
27075333
27075716
27075744
27075790
27075963
27076800
27077130
27077497
27077730
27078129
27078824
27079128
27079286
27079886
27079898
27079996
27080247
27080365
27080410
27080530
27080584
27080751
27080923
27081193
27081707
27082461
27083131
27083429
27083460
27083513
27083576
27083579
27083949
27083972
27084265
27084378
27084419
27084505
27084800
27084815
27084977
27084979
27085136
27085164
27085196
27085722
27085828
27085866
27085869
27086665
27086798
27086968
27087381
27087496
27088055
27089394
27089974
27090010
27090039
27090260
27090261
27090402
27090585
27090917
27090970
27091128
27091132
27091232
27091235
27091330
27091333
27091347
27091508
27091562
27091917
27092519
27092912
27092972
27093036
27093184
27093395
27093686
27094039
27094588
27094756
27094979
27095154
27095332
27095444
27095475
27095680
27095791
27096410
27096420
27097833
27097958
27098083
27098174
27098355
27098712
15267180
15269013
15269029
15269066
15269070
15269934
15270747
15270878
15270929
15271044
15271050
15271119
15271122
15271585
15271587
15271771
15272132
15272291
15272913
15272975
15273170
15273185
15273335
15273426
15273579
15274528
15274529
15275875
15276524
15276895
15277284
15277413
15277425
15277987
15278022
15278325
15279879
15280113
15280404
15280529
15280718
15280725
15280755
15281326
15281977
15282060
15282411
15282457
15282460
15283400
15283489
15283714
15283716
15283737
15283742
15283937
15284086
15284445
15284549
15284748
15284751
15284753
15284931
15285300
15285313
15286214
15286216
15286220
15286255
15286321
15286890
15287233
15287992
15288028
15288454
15288632
15288855
15288988
15289217
15289238
15289689
15289806
15289993
15290003
15291686
15291870
15291961
15291993
15291996
15292036
15292556
15292891
15292894
15292900
15292984
15293342
15293487
15293488
15293529
15294205
15294400
15295360
15295363
15295372
15295382
15295411
15295729
15295751
15295761
15296028
15296486
15296554
15297007
15297088
15297159
15297177
15297181
15297396
15297416
15297786
15297804
15297821
15298095
15298233
15298463
15298477
15298586
15298640
15298978
15299056
15876335
15877270
15877557
15877592
15877645
15877711
15877770
15878067
15878075
15878104
15879047
15879627
15879651
15879723
15879773
15879794
15879807
15879821
15879882
15880061
15880317
15882378
15882392
15882713
15882721
15883417
15883440
15883574
15883628
15883817
15883897
15884315
15885326
15885334
15886624
15886634
15886659
15886732
15887027
15887057
15887355
15887860
15888838
15888850
15890578
15890579
15890667
15890729
15890733
15892442
15892443
15892804
15892805
15892814
15894382
15894669
15894761
15894903
15895122
15895331
15895336
15895713
15895895
15896426
15896586
15896753
15897209
15897438
15897446
15897497
15897696
15897699
15897700
15897701
15897736
15897936
15898899
15899176
15899209
15899220
15899225
15899543
15900426
15900429
15901376
15901382
15901511
15901516
15901518
15901522
15901903
15902141
15902160
15902165
15902185
15902410
15902574
15902617
15902636
15902638
15902789
15902885
15902886
15902887
15902891
15902931
15903284
15904487
15905678
15905703
15906136
15906624
15906791
15906943
11471930
11472289
11472804
11473073
11473075
11473584
11473977
11474162
11474235
11474325
11474327
11474329
11475110
11475610
11476358
11477017
11477046
11477173
11478343
11478827
11479413
11479499
11479846
11479852
11479864
11480656
11480714
11480793
11481652
11481836
11482587
11482589
11482857
11482992
11483327
11483454
11483790
11483810
11483911
11483916
11483930
11485756
11486588
11487992
11488149
11488722
11488723
11488728
11488740
11488881
11488882
11489062
11489099
11489692
11490300
11490310
11490380
11490817
11490831
11491254
11491258
11493729
11493820
11493850
11493938
11494713
11495406
11496043
11497137
11498310
11498490
11499105
11499186
11499325
11499535
11499583
11499584
11499599
11499642
11500285
11500610
11500700
11500745
11500746
11501338
11501719
11501960
11502498
11502610
11502647
11502701
11502702
11502951
11503280
11503462
11503918
11503942
24552242
24552845
24552863
24553024
24553028
24553479
24553529
24553536
24553701
24553708
24553785
24554069
24554122
24554334
24554547
24555576
24556188
24556207
24556241
24556276
24556510
24556530
24556611
24556760
24556771
24556888
24557148
24557412
24557653
24557705
24558011
24559461
24559576
24559811
24559831
24559950
24560207
24560343
24560483
24560517
24560556
24560684
24560758
24560983
24561372
24561498
24561569
24561757
24562290
24562545
24562873
24562874
24562939
24562968
24563381
24564062
24564252
24564907
24564963
24564971
24565386
24565391
24565646
24565679
24565820
24566212
24566280
24566532
24566727
24566838
24566850
24566859
24566872
24566948
24567126
24567452
24567579
24568484
24568541
24568960
24569017
24569042
24569303
24569356
24569413
24569541
24569947
24570491
24570521
24570989
24571736
24571843
24571914
24572583
24572593
24572847
24572874
24573518
24573778
24573909
24574124
24574212
24574345
24574353
24574467
24574507
24574834
24574896
24575551
24576437
24576484
24576779
24577139
24577145
24577228
24577347
24577616
24577643
24577799
24577807
24578003
24578122
24578770
24578773
24579285
24579506
24579861
24580844
24581016
24581260
24581328
24581417
24581755
24581759
24581769
24581959
24581962
24582055
24582077
24582109
24582111
24582119
24582496
24582548
24582913
24582999
24583045
24583572
24583961
23075081
23075540
23075714
23075730
23075899
23075910
23076368
23076402
23076413
23076417
23076587
23076866
23077475
23077928
23078135
23078283
23078432
23078589
23078763
23079081
23079288
23079409
23079789
23079802
23079872
23080267
23080327
23080333
23080428
23080429
23080549
23081998
23082128
23082817
23082892
23082941
23083021
23083224
23083337
23083797
23083877
23084044
23084100
23084154
23084168
23084177
23084183
23084184
23084206
23084272
23084438
23084470
23084493
23084722
23084729
23084801
23084806
23084880
23084962
23085263
23086192
23086452
23086568
23086714
23086760
23087296
23087327
23087383
23088175
23088421
23088479
23088584
23088707
23088816
23088967
23089048
23089069
23089071
23089074
23089189
23090233
23090247
23090279
23090437
23090656
23090861
23091107
23091161
23091267
23091606
23092001
23092034
23092214
23092662
23092665
23092763
23092787
23093229
23093232
23093233
23093440
23093739
23094899
23094901
23095289
23095461
23095529
23095658
23096127
23096185
23096222
23096247
23096449
23096935
23097223
23097266
23097327
23097487
23098511
23099115
23099190
23099735
23099964
23099990
23100013
23100047
23100057
23100078
23100186
23101724
23101742
23101770
23102386
23102603
23102717
23102828
23102931
23103026
23103146
23103242
23103429
23103891
23103916
23103959
23104001
23104043
23104195
23104374
23104390
23104606
23104797
23104822
23104865
23104893
23105122
23106243
23106669
23106876
23106974
23107072
23107147
23107344
24584614
24584976
24585288
24585322
24585415
24585553
24585644
24585646
24586327
24586348
24587239
24587324
24587564
24587633
24587634
24587662
24588291
24588377
24588848
24588980
24588989
24589076
24589128
24589195
24589253
24589499
24589867
24589913
24589921
24589956
24590333
24590335
24590343
24590561
24590737
24590839
24590991
24592860
24593225
24593936
24594069
24594073
24594414
24594538
24594947
24595218
24595221
24595937
24596391
24596396
24596925
24597250
24597254
24597637
24597687
24597765
24598033
24598267
24598283
24598455
24598566
24598579
24598697
24599058
24599177
24599181
24599486
24599508
24599549
24599605
24600982
24601051
24601848
24601956
24602025
24602201
24602455
24602576
24602579
24602705
24602712
24602713
24603080
24603110
24603321
24603452
24603530
24603938
24604277
24604389
24604462
24604620
24604787
24604788
24605186
24605842
24606046
24606073
24606085
24606606
24606612
24606624
24607247
24607325
24607716
24608093
24608298
24608325
24608377
24608401
24608727
24610180
24610186
24610549
24610612
24610681
24611497
24611578
24611604
24612007
24612150
24612158
24612260
24612399
24612658
24612894
24612896
24613008
24613143
24613181
24613368
24613655
24613743
24614266
24614832
24614884
24615070
24615368
24615420
24615425
24615550
24616352
24617035
24617316
16401682
16401789
16401817
16401820
16401916
16401918
16402127
16402641
16402651
16402886
16402935
16402953
16402978
16403103
16403138
16403143
16403158
16403700
16403814
16404211
16404215
16404223
16406241
16406907
16407003
16407020
16407436
16408193
16408419
16409309
16409626
16409636
16410142
16410483
16411027
16411145
16411227
16411994
16411995
16411997
16412073
16412104
16412143
16412150
16412249
16412797
16412800
16413328
16413334
16413360
16413707
16414127
16414522
16415425
16416461
16416613
16417092
16417097
16417441
16417627
16417755
16417756
16417757
16418090
16418183
16418194
16418309
16418761
16419375
16420201
16420205
16420804
16421067
16421121
16421389
16421479
16421690
16421692
16421789
16421887
16422962
16423097
16423150
16423534
16423598
16423664
16423948
16424289
16424417
16424619
16424803
16424846
16424915
16424964
16424968
16425079
16425094
16426088
16426125
16426449
16426451
16426463
16426872
16426878
16427135
16427858
16427859
16428052
16428059
16428192
16429085
16429320
16429868
16430038
16430323
16430350
16430599
16430607
16430609
16430625
16430644
16430794
16431071
16431991
16432357
16432660
16433181
16433221
16433828
16434012
12655521
12655966
12656706
12656789
12656791
12656896
12656953
12657404
12657543
12657544
12657965
12657986
12658027
12658426
12658668
12658826
12658827
12658884
12659987
12660210
12660214
12660275
12660280
12660535
12660633
12660641
12660662
12661390
12661841
12662232
12662248
12662379
12663290
12663358
12663360
12663579
12663879
12663974
12664014
12664256
12664384
12664744
12665760
12665761
12666001
12666587
12666708
12667712
12668934
12669497
12670563
12670570
12670746
12670841
12670847
12671106
12671152
12671420
12671553
12672174
12672205
12673486
12673727
12674659
12675097
12675162
12675545
12675648
12675699
12675962
12676414
12677505
12677760
12679168
12679306
12679615
12679757
12679835
12679924
12680502
12680525
12680947
12680973
12681144
12681885
12682312
12682547
12683433
12683510
12683554
12684187
12685490
12685491
12686267
12686674
11221491
11221587
11222193
11222194
11222199
11223456
11223650
11223761
11223824
11223839
11224000
11224830
11224837
11224864
11224965
11225413
11225939
11225941
11226443
11227155
11227599
11228444
11228451
11228511
11228680
11228858
11228864
11229984
11229987
11229997
11230467
11230595
11230622
11231194
11231389
11231393
11231446
11231664
11231677
11231706
11231854
11232460
11232608
11232676
11232699
11232704
11232708
11232893
11232895
11232923
11234548
11234722
11235016
11235705
11235725
11236176
11237269
11237487
11237542
11237546
11237789
11238268
11239024
11239176
11240249
11240530
11242286
11242497
11242733
11243291
11243522
11243745
11245023
11245069
11246086
11246091
11246101
11246298
11246374
11247863
11247890
11248175
11248299
11248627
11248713
11248716
11248880
11249982
11250190
11250636
11250664
11251138
11251269
11251483
11251486
11251496
11251524
11251895
11252080
18378497
18378739
18379221
18379238
18379360
18379400
18379729
18379816
18379967
18379979
18380646
18381374
18382031
18382034
18382100
18382374
18382998
18383248
18383261
18383644
18383996
18384520
18384632
18384701
18384849
18385044
18385051
18385187
18386071
18386605
18386754
18386971
18387180
18387202
18387384
18387464
18387875
18388212
18388607
18388666
18388769
18389903
18389904
18390978
18391641
18392709
18392798
18392896
18392924
18393643
18394002
18394109
18394358
18394648
18394742
18394761
18394839
18395032
18395039
18395353
18395777
18395946
18396238
18396372
18396386
18397275
18397459
18397715
18398340
18398394
18398707
18399948
18400092
18400116
18400136
18400265
18400273
18400630
18400665
18400670
18401027
18401180
18401264
18401283
18401313
18401465
18401469
18401813
18401825
18402178
18402211
18402251
18402671
18402738
18402852
18403416
18403667
18404033
18404057
18404062
18404076
18404789
18404899
18405410
18405705
18405979
18406179
18407043
18407361
18407374
18407428
18407481
18407753
18408081
18408360
18408632
18408791
18408960
18408976
24617790
24617905
24617958
24618218
24618505
24618631
24618648
24618985
24619190
24619321
24619490
24619706
24619850
24620444
24620457
24620628
24620737
24620740
24620770
24620839
24620977
24621171
24621202
24621212
24621349
24621419
24621452
24622039
24622062
24622065
24622164
24622636
24622649
24622958
24622999
24623904
24624395
24624912
24625044
24625066
24625380
24625693
24625705
24625766
24625914
24625968
24626117
24626150
24626264
24626542
24626553
24626616
24626893
24626946
24627035
24627335
24627569
24628275
24628736
24628821
24629037
24629073
24629501
24629527
24629632
24629645
24629705
24630124
24630177
24630288
24630296
24630572
24630594
24630774
24630807
24630825
24630956
24631009
24631034
24631277
24631431
24631441
24631449
24631986
24632679
24633058
24633166
24633578
24633669
24634331
24634482
24634908
24634945
24635122
24635465
24635543
24635578
24635653
24635851
24635942
24636080
24636192
24636226
24636277
24636352
24636383
24636385
24636770
24637413
24637568
24637676
24638043
24638231
24639438
24640000
24640346
24640584
24641178
24641362
24641391
24641418
24641678
24641726
24642041
24642082
24642129
24642146
24642340
24642691
24642765
24642999
24643144
24643573
24643810
24643822
24643835
24643908
24644173
24644201
24644314
24644336
24644411
24644564
24645876
24646337
24646617
24647205
24647446
24647640
24647867
24647881
24649716
24649782
24649783
24649962
24650044
24650270
24650282
26817634
26817735
26818041
26818320
26818378
26818900
26818972
26820260
26820480
26820486
26820579
26820601
26820683
26821399
26821560
26821699
26821952
26822156
26822350
26822389
26822555
26822731
26823090
26823208
26823442
26823451
26824335
26824684
26824964
26825002
26825275
26825278
26825617
26825666
26825816
26825823
26826069
26826155
26826478
26827297
26827705
26827707
26827846
26828919
26829013
26829063
26829075
26829083
26829409
26829668
26829701
26829713
26830001
26830043
26830337
26830356
26830426
26830698
26830776
26830929
26830976
26831311
26831364
26831367
26831372
26831417
26832148
26832157
26832431
26832434
26832451
26832935
26832961
26834184
26834185
26835542
26835645
26835753
26835866
26836060
26837085
26837227
26837604
26837970
26837979
26838194
26839161
26840374
26840459
26840963
26841143
26841234
26841359
26841810
26841894
26842408
26842500
26842525
26842691
26843011
26843206
26843232
26843394
26843438
26843505
26845158
26845412
26845589
26846228
26846525
26846544
26846674
26846767
26846893
26847294
26847339
26847428
26847454
26847455
26847588
26847639
26847811
26848036
18671752
18671792
18671902
18673397
18673576
18674402
18674662
18674759
18675085
18675206
18675743
18676202
18676555
18676940
18677284
18677640
18678119
18678545
18679099
18679115
18680495
18680587
18680594
18681756
18681757
18681836
18681872
18682012
18682417
18682764
18682795
18682887
18683038
18683872
18684070
18684184
18684327
18684453
18684547
18684693
18685262
18685741
18686011
18686021
18686343
18686352
18686829
18686835
18687472
18687487
18688624
18688679
18688697
18689906
18690005
18690281
18690310
18690374
18690589
18690797
18691187
18691233
18691269
18691289
18691726
18691771
18691797
18691834
18692204
18692658
18692751
18692910
18693029
18693037
18693228
18694599
18694978
18695012
18695426
18695460
18695461
18695466
18695481
18695593
18695768
18695973
18696156
18696163
18696277
18696342
18696403
18697361
18697756
18697974
18697977
18698043
18698191
18698265
18698276
18699731
18700916
18701165
18701185
18701359
18702031
18702905
18703244
18703519
18703614
18703811
18703873
18703989
18704113
18704595
18704604
18704619
18704756
27489769
27490325
27490332
27490358
27490460
27490656
27490739
27490950
27491578
27492392
27492491
27492606
27492658
27492728
27493008
27493147
27495236
27495323
27495809
27496020
27496115
27496275
27496351
27496390
27496404
27496413
27496421
27496423
27496441
27496461
27496571
27496625
27496772
27496929
27497391
27497394
27497406
27497498
27497891
27497959
27499150
27499303
27499304
27499316
27499317
27500666
27500913
27501236
27501856
27501927
27502224
27502878
27502934
27503014
27503102
27503253
27503272
27504978
27505059
27505635
27506816
27506866
27506971
27507555
27507866
27508299
27509219
27509961
27509975
27510543
27510558
27510662
27511202
27511203
27511792
27512653
27513534
27513982
27513986
27514404
27514937
27514948
27515038
27515673
27515737
27515930
27516000
27516160
27516193
27517172
27517513
27519273
27519593
27519961
27520073
23718933
23719052
23719861
23720161
23720970
23721210
23721251
23721629
23721651
23721703
23721792
23722019
23722286
23723011
23723012
23724083
23724770
23724792
23724795
23724802
23724872
23724977
23725076
23725186
23725394
23725489
23725657
23725681
23725786
23725943
23726120
23726250
23726364
23726562
23726572
23726575
23726788
23726810
23726930
23727344
23728085
23728087
23728147
23728224
23728382
23728388
23728753
23728883
23728947
23729241
23729482
23729492
23729752
23729754
23729803
23730976
23731017
23731186
23731200
23731563
23731862
23732046
23732545
23732685
23733094
23733172
23733224
23733478
23733535
23734170
23734931
23734971
23734987
23735162
23735353
23735367
23735409
23735577
23735580
23735610
23735629
23735689
23735690
23735858
23735939
23735951
23736029
23736083
23736274
23736376
23736939
23737028
23737075
23737215
23737262
23737378
23737613
23737714
23738606
23738895
23739017
23739259
23739603
23740622
23740965
23741350
23742686
23742784
23742829
23742902
23743054
23743134
23743535
23743691
23743695
23743743
23743807
23743810
23743855
23744795
23744850
23746421
23746431
23746539
23746914
23748058
23748209
23748253
23748463
23748594
23748620
23748799
23748813
23749025
23749480
23749731
1883786
1884439
1885858
1890396
1895471
1900344
1902752
1904286
1909455
1910795
20090337
20090432
20090953
20091040
20091175
20091332
20091386
20091697
20091699
20092647
20092660
20092820
20092834
20092837
20092855
20093331
20093517
20093616
20093983
20094884
20095067
20095758
20095764
20095955
20096234
20096431
20096463
20096599
20096611
20096937
20097600
20097602
20098002
20098137
20098312
20098823
20098894
20099153
20099243
20099317
20099496
20099581
20099771
20099772
20100024
20100097
20100099
20100326
20100351
20101130
20101181
20101471
20101736
20102345
20102432
20102435
20102559
20102574
20102575
20102581
20102668
20102735
20102873
20103053
20103071
20103341
20103396
20103436
20103793
20103825
20104188
20104275
20104448
20105211
20105256
20105287
20105388
20105418
20105420
20105423
20105592
20106395
20106606
20107138
20108127
20108155
20108203
20108306
20108548
20109276
20110118
20110709
20110815
20110921
20111845
20111971
20112020
20112067
20112099
20112149
20112366
20112522
20113145
20113257
20113330
20113395
20113457
20113464
20113527
20113544
20113699
20113759
20113938
20114129
20115971
20115979
20116043
20116117
20116897
20116980
20117441
20117888
20118102
20118815
20118816
20118818
20118842
20119691
20119854
20119931
20120618
20120629
20121371
20121679
20122280
20122337
20122518
20122590
20123337
20123650
20123670
20123871
18704918
18705285
18705301
18705322
18705399
18705687
18706446
18706666
18706719
18707194
18707733
18707858
18708401
18708488
18708547
18708929
18708934
18708936
18709400
18709592
18709938
18710331
18710440
18710456
18710524
18710746
18711658
18711967
18713297
18713845
18714785
18714790
18714799
18715124
18715240
18715411
18715417
18715482
18715696
18715698
18715792
18715796
18716127
18716140
18716400
18716529
18716531
18717277
18717766
18718229
18718400
18718568
18718640
18718901
18718987
18718989
18719061
18719766
18719976
18720082
18720090
18721007
18721181
18721207
18721402
18721478
18721985
18722004
18722095
18722141
18722149
18722320
18722884
18722939
18723432
18723561
18723567
18723582
18723702
18723706
18723716
18723956
18724206
18724415
18724809
18725359
18725382
18725829
18725838
18725864
18725871
18725894
18726920
18726939
18726946
18726948
18727147
18727716
18727727
18727991
18728572
18729151
18729296
1585965
1587977
1588977
1590606
1590624
1591208
1597029
1597911
1603008
1606116
1606428
1610575
23235131
23235323
23235548
23235563
23235967
23236236
23236346
23236416
23236536
23236929
23237326
23237385
23238143
23238224
23238361
23238457
23238504
23239158
23239292
23239668
23239699
23239924
23240109
23240115
23240579
23240608
23240659
23241080
23241084
23241224
23241702
23241791
23241799
23242002
23242845
23242959
23243011
23243078
23243119
23244145
23244208
23244232
23244394
23244669
23245273
23245446
23246077
23246140
23246332
23246514
23246815
23247011
23247719
23249164
23249430
23249534
23249878
23249885
23249889
23250092
23250691
23251355
23251395
23251521
23251676
23252002
23252507
23252646
23252940
23252966
23253024
23253431
23253473
23253694
23253886
23254115
23254295
23254327
23254372
23254692
23254889
23254922
23255646
23255763
23255965
23256828
23256862
23256915
23257013
23257066
23257121
23258089
23258839
23258933
23259514
23259638
23259703
23259764
23259785
23260432
23260538
23261112
23261860
23261884
23262367
23262382
23262433
23262515
23263261
23263972
23264123
23264312
23265032
23265375
23265408
23265570
23265661
23265780
23266088
23266098
23266240
23266241
23266247
23266423
23266467
23266581
15745933
15746202
15746735
15746747
15746779
15746852
15746862
15747030
15747069
15747344
15748039
15748190
15748287
15748771
15749037
15749137
15749187
15749582
15749797
15750156
15750660
15750926
15750986
15750997
15752112
15752254
15752402
15752405
15753272
15753424
15753528
15753638
15753640
15753739
15754045
15754525
15754736
15754747
15755301
15755693
15756000
15756042
15756079
15756179
15756523
15756893
15757861
15758628
15758724
15758799
15758853
15759073
15759136
15759182
15759189
15759532
15759945
15760786
15760849
15761046
15761206
15761337
15761639
15761770
15762030
15762898
15762899
15762902
15762903
15762907
15762969
15764237
15764273
15764393
15764766
15764771
15764794
15765200
15765231
15765260
15765329
15765334
15765635
15765638
15765741
15766380
15766491
15766817
15767199
15767362
15767386
15767500
15768004
15768186
15768807
15769762
15770184
15770339
15770400
15770526
15770529
15770574
15770600
15770721
15770882
15771763
15771873
15772196
15772463
15772930
15773272
15773663
15774246
15774292
15774362
15775729
15775754
15775875
27586655
27587037
27587530
27587959
27588043
27588834
27589095
27589259
27589856
27590186
27590378
27590383
27590642
27590746
27591723
27591930
27592005
27592215
27592357
27592416
27592541
27592604
27593358
27593764
27594648
27596229
27597125
27597745
27598552
27598608
27600301
27600388
27600441
27600715
27600828
27601271
27601460
27601761
27602911
27603191
27603679
27604074
27604863
27604952
27605255
27605719
27605888
27605964
27606061
27606607
27606948
27607517
27607740
27608320
27608507
27609160
27609611
27609832
27611103
27611466
27611481
27612163
27612279
27612848
27613368
27613548
27613794
27613883
27613928
27614222
27614373
27614388
27614435
27614662
27616186
27616628
27616634
27617381
27617435
27618134
27618551
27618727
27618805
27619675
27619970
14519175
14519287
14520175
14520213
14520225
14520280
14520281
14520288
14520319
14520584
14521246
14521459
14521594
14521640
14522484
14522497
14522575
14522725
14523169
14523175
14523180
14523182
14523298
14523305
14523312
14523328
14523482
14524484
14524599
14525544
14525566
14525629
14525752
14526130
14526132
14526134
14526147
14526294
14526300
14526309
14526319
14526695
14527108
14527491
14527914
14528046
14528191
14528413
14528501
14528503
14529764
14529850
14529895
14529934
14529999
14530004
14530014
14530022
14530471
14530638
14530652
14530672
14530722
14532364
14532928
14533121
14533750
14533962
14533965
14534069
14534496
14534892
14536021
14550357
14550437
14550455
14550937
14550939
14551298
14551356
14551367
14551398
14551633
14551754
14553858
14555377
14555531
14555576
14555894
14556012
14556127
14556755
14557009
14557091
14557103
14557219
14557760
14558028
14558864
14559191
14560089
14560172
14560206
14560209
14560225
14561605
14562411
14563501
14564317
14564336
14565621
14566032
14566037
14566107
14566119
14566129
14566171
14566241
8580660
8582699
8583589
8583591
8586307
8586377
8586812
8589017
8592311
8595287
8595625
8596846
8596856
8598088
8598359
8599407
8599485
8599486
8600199
8600431
8601648
8601653
8603206
8603215
8603227
8603245
8603247
8603321
8603547
8604502
8604602
8604758
8604784
8604828
8606264
8606842
8607754
8607930
8608285
8608456
8608493
8610307
11641163
11641508
11641512
11641673
11642580
11642582
11642585
11642592
2514900
2540301
27162133
27162213
27163355
27163372
27163449
27163955
27164486
27164624
27165310
27165802
27165863
27165903
27165915
27165960
27166037
27166203
27166659
27166795
27166876
27166967
27167866
27168182
27168183
27168499
27169342
27169835
27169908
27170085
27170327
27171210
27172526
27172741
27172750
27172803
27172821
27173067
27173071
27173084
27173091
27174087
27174196
27174216
27174779
27174858
27175449
27175578
27175729
27176931
27177241
27177338
27177521
27177708
27177853
27177917
27177952
27178041
27178751
27178800
27178866
27179294
27179510
27179632
27179739
27179887
27181450
27181490
27181623
27182036
27182926
27183061
27183118
27183142
27183307
27183373
27184012
27184178
27184467
27184542
27184639
27184945
27185718
27186442
27186866
27186870
27186983
27187027
27187047
27187493
27187635
27188277
27188384
27190096
27190230
27191339
27191959
27192171
27192513
27192516
27192639
27193208
27193478
15841421
15841616
15841679
15841933
15842209
15842285
15842557
15842572
15843264
15843445
15843770
15843938
15843947
15845133
15846015
15846018
15846164
15846180
15846182
15846186
15846190
15846208
15846226
15846232
15846235
15846532
15847622
15848321
15848357
15848362
15848366
15848463
15848544
15848663
15849392
15849513
15849855
15850856
15850873
15850875
15850888
15850904
15850911
15851224
15851308
15851360
15851418
15851644
15852058
15852209
15852276
15852438
15852453
15853118
15853453
15853828
15854086
15854230
15854252
15854670
15854672
15854938
15854949
15855107
15855179
15855225
15855266
15855744
15855901
15855906
15856131
15857075
15857448
15857490
15858095
15858097
15858605
15858955
15859047
15859310
15859635
15860143
15860187
15860381
15860914
15860921
15861018
15861942
15862502
15863410
15863490
15863491
15863799
15864140
15864145
15864605
15864677
15865113
15865530
15865949
15866083
15866108
15866135
15866256
15866636
15867045
15867046
15867776
15868232
15868252
15868259
15868268
15868371
15868567
15868574
15868617
15869589
15870514
15870528
15870606
15871066
15871080
15871314
15871504
15871984
15871993
15872400
15874810
15874812
1615990
1617520
1617768
1622691
1622698
1624066
1627022
1633905
1636807
1637757
1637766
1637769
1638252
1638253
1640621
22352211
22353283
22353442
22353530
22353924
22354115
22354613
22354738
22354773
22354864
22354937
22355076
22356705
22357178
22357223
22357641
22357674
22357712
22357834
22357876
22357893
22357896
22357997
22358234
22358236
22359678
22360135
22360329
22360571
22360704
22360787
22361047
22361258
22361325
22361649
22361795
22361991
22362227
22362624
22362722
22362875
22363058
22363065
22363471
22363573
22363662
22363782
22364306
22364307
22364336
22364358
22364387
22364625
22364629
22364656
22364731
22364902
22364903
22364906
22365818
22365856
22365857
22365868
22365872
22365896
22365980
22366123
22366187
22366238
22366365
22366386
22366877
22367051
22367617
22367624
22367745
22368216
22368242
22368933
22369114
22369139
22369291
22369514
22370060
22370067
22370238
22371012
22371332
22371384
22371518
22372342
22372631
22372798
22372888
22372966
22374678
22374827
22375572
22375609
22375813
22376191
22376290
22377248
22377276
22377442
22377639
22377772
22377834
22378022
22378228
22378577
22378582
22380362
22380485
22381446
22381601
22381638
22381926
22382105
22382161
22382184
22382336
22382338
22382431
22382703
22383020
22383234
22383237
22383240
22383267
22383475
22383476
22383478
22383688
22384260
22384801
22384981
22766908
22767146
22767221
22767891
22768256
22768454
22768464
22768722
22768874
22769055
22770257
22770582
22770948
22770955
22771088
22771170
22771826
22771884
22772017
22772082
22772569
22772572
22772897
22772926
22772929
22772953
22773036
22773236
22773293
22773393
22773550
22773727
22773730
22773821
22775006
22775288
22775395
22775523
22776086
22776135
22776443
22776800
22776844
22777206
22777375
22777393
22777451
22777583
22777613
22777618
22778178
22778495
22779118
22779300
22780454
22780455
22780556
22781465
22781546
22782193
22782363
22782368
22782577
22782600
22782961
22783837
22783845
22783857
22784196
22784234
22784242
22784263
22784434
22784491
22784795
22785137
22785215
22785454
22785572
22785586
22786452
22786915
22787018
22787062
22788524
22788979
22789024
22789148
22789309
22789666
22789669
22789795
22790008
22790184
22790471
22790550
22790752
22790837
22791040
22791088
22791368
22791381
22791382
22791533
22791991
22792822
22793777
22793957
22794118
22794529
22795056
22795159
22795198
22795317
22795459
22795471
22795607
22795830
22795835
22796197
22796497
22796549
22796629
22797406
22797696
22797728
22797769
22797781
22797817
22798154
22798186
22798285
22798318
22799354
22799568
22799577
22800382
22800652
22800984
22801028
22801049
22801402
22801455
22801870
22802215
22803297
22803515
22803679
22803755
22803756
22803759
22804693
22804695
22804796
24971617
24972122
24972621
24972637
24972813
24972883
24972953
24972974
24973130
24973173
24973204
24973484
24973875
24974142
24976000
24976079
24976346
24977289
24978017
24978089
24978945
24979510
24979514
24979515
24979602
24980202
24980939
24980955
24981701
24981795
24981821
24981953
24981993
24983240
24983262
24983272
24983339
24983345
24983630
24983649
24983652
24983892
24984596
24985469
24985500
24985957
24985959
24986209
24986992
24987848
24987976
24988200
24988239
24988435
24988691
24988874
24989056
24989066
24989084
24989130
24989476
24989906
24990005
24990016
24990118
24990593
24990626
24990630
24990955
24991774
24991775
24992324
24992717
24992781
24992901
24992908
24992951
24993140
24993493
24993508
24993641
24993764
24993991
24994728
24994731
24994769
24995491
24995803
24996200
24996639
24996659
24997771
24998018
24998245
24998383
24998541
24998546
24998558
24999126
24999672
25000138
25000239
25000562
25000651
25000672
25001007
25001254
25001866
25002216
25002218
25002219
25002239
25002245
25002368
25002454
25002455
8130538
8131013
8131017
8131019
8131533
8132823
8134213
8134588
8135446
8137191
8137668
8137969
8138774
8140484
8140884
8141193
8141868
8142201
8142829
8143016
8143469
8143471
8143476
8144819
8144820
8145318
8147349
8147447
8148293
8150648
8151592
8154967
8155109
8156495
8156497
8157752
16562409
16563132
16563135
16563155
16563473
16563967
16564076
16564116
16564293
16564377
16564383
16564544
16564778
16564780
16565030
16565197
16565224
16565954
16565995
16565999
16566678
16566832
16566965
16567034
16567169
16567172
16567470
16567570
16567702
16567770
16569303
16569306
16569560
16569652
16569712
16569750
16569778
16571120
16571172
16571393
16571436
16572013
16572016
16572070
16572088
16572096
16572620
16572907
16573772
16574666
16574973
16575032
16575336
16575858
16579252
16580163
16580164
16580206
16580235
16580285
16580289
16580328
16580410
16580442
16580446
16581355
16581456
16581604
16581606
16581652
16581763
16582122
16582126
16583430
16583581
16584352
16584440
16584453
16584466
16585109
16585331
16585480
16585484
16585858
16586053
16586149
16586239
16586354
10573488
10573969
10574139
10574295
10575389
10575776
10575779
10576311
10577327
10577544
10577701
10579247
10579268
10579734
10580179
10580231
10580866
10582134
10582764
10582932
10583454
10583457
10583706
10583708
10583720
10583790
10584041
10584053
10584136
10584189
10584224
10584411
10584810
10584841
10584995
10585025
10585046
10586455
10586475
10586529
10586836
10587159
10587386
10587388
10587744
10587841
10588116
10588412
10589213
10589404
10590368
10590560
10590741
10590743
10591303
10592399
10592402
10592425
10592922
10593103
10593327
10593530
10593637
10593777
10595984
10596227
10596258
10596775
10596888
10597003
10597122
10597132
10597394
10597777
10597981
10597993
10598185
10598192
10598202
10598601
10598611
10599245
10599762
10599777
10599955
10600061
10600291
10600308
10600439
10600440
10600441
11978686
11978751
11980527
11980737
11980767
11981065
11981460
11981516
11982518
11982662
11982706
11982869
11983191
11983466
11984672
11984675
11985678
11985737
11985738
11986147
11986193
11986602
11987083
11987435
11987476
11988455
11988621
11988665
11988927
11989547
11989589
11989988
11990931
11991557
11992053
11992085
11992844
11992981
11993524
11994102
11994524
11994883
11994931
11995460
11995746
11996480
11997774
11997780
11997830
11997831
11997837
11997863
11998881
11999256
11999462
11999905
12000159
12000346
12001128
12001537
12001599
12001616
12003053
12003438
12003883
12004207
12004265
12005013
12005455
12005465
12006119
12006305
12006307
12006309
12006437
12006439
12006703
12006802
12006804
12006914
12007271
12009094
12010147
12010231
12010233
12010593
18189297
18190441
18190763
18190825
18190826
18191293
18191541
18191776
18191808
18192290
18192293
18192469
18192605
18192826
18192835
18192887
18193385
18194174
18194189
18194396
18194559
18194560
18194693
18194697
18195561
18197073
18197133
18197744
18197864
18199190
18199191
18199242
18199345
18199917
18200369
18200466
18200911
18201492
18201591
18201903
18202160
18202351
18202855
18202913
18202924
18202934
18203083
18203094
18203118
18203314
18203804
18204228
18204231
18204271
18204950
18205637
18205757
18206173
18206394
18206455
18206460
18206461
18206484
18206485
18206740
18206956
18207124
18207126
18207128
18207493
18207525
18207543
18208408
18208903
18209525
18209583
18209738
18210299
18210896
18210951
18211318
18211530
18211531
18212138
18212143
18212213
18212640
18212659
18212664
18212708
18212802
18213369
18213386
18213429
18213493
18215102
18216541
18217187
18217228
18217229
18217408
18217421
18218178
18218301
18219243
18219252
18219532
18220087
18220147
10028559
10028739
10029036
10029038
10029126
10029210
10029213
10029293
10029499
10030255
10030282
10030311
10036675
10036696
10037250
10037299
10037305
10037358
10037365
10037371
10037384
10037385
10047640
10047750
10048107
10049196
10049963
10050821
10051723
10051982
10052441
10052491
10052803
10052884
11315512
11315776
11315890
11316149
11316214
11316239
11316400
11316405
11316407
11316503
11317020
11317129
11317188
11317201
11317375
11317482
11317483
11318293
11318294
11318921
11318922
11318923
11318971
11318998
11319005
11319439
11319441
11319666
11320022
11320024
11320516
11321382
11322053
11323499
11323503
11324791
11324797
11326157
11326177
11326231
11326238
11326652
11326685
11326824
11327062
11327129
11327290
11327520
11327631
11328213
11328237
11328904
11329522
11329539
11329573
11329574
11330259
11330572
11330576
11330764
11330871
11331086
11331132
11331133
11331136
11331171
11331263
11331835
11332080
11332566
11333098
11333552
11333555
11333735
11334387
11334687
11335010
11335746
11335849
11335904
11336163
11336171
11336321
11337289
11337290
11337297
11337300
11337301
11337518
11337566
11337570
11338123
11338307
11339453
11339457
11340222
11340414
11340756
11340887
11341115
11341447
11341795
11342893
11342976
11342996
11343004
11343008
11343047
11343549
11343664
11343942
11343948
11344426
11344833
11344891
11345178
11345279
11345794
11346128
11346156
11346162
11346164
11346207
10483844
10483855
10483902
10483969
10484012
10484208
10484309
10484829
10485405
10485424
10485783
10486355
10486460
10486598
10486681
10487378
10487544
10487554
10487560
10487573
10487594
10488482
10489109
10489653
10490056
10490114
10490252
10490523
10491894
10492105
10492109
10492277
10492413
10493285
10493468
10493479
10493621
10493710
10493844
10494912
10496059
10496546
10496556
10496639
10496667
10496700
10498074
10498297
10498306
10499040
10499477
10499744
10500518
10501281
10501889
10502170
10502709
10503182
10504641
10504811
10505664
10505796
10506274
10506698
10506723
10507113
10507604
10509160
10509305
10509461
10509565
10509784
10509968
10509984
10509986
10509990
10510116
10510122
10510701
10510935
10512404
10512406
9846501
9846503
9846512
9848422
9848433
9848611
9848625
9849816
9850256
9850648
9851303
9852439
9852877
9852878
9852897
9853148
9853162
9853166
9853766
9854221
9854286
9854520
9854532
9854569
9854594
9855047
9855407
9855447
9855509
9857122
9858292
9858347
9858427
9859579
9859581
9859589
9859632
9860203
9860222
9860334
9860470
9861655
9862291
9862298
9862509
9862510
9862838
9863871
9864768
9864897
9865800
9865802
9866671
9867039
9867319
9869759
9869788
9870121
9870153
9870470
9870837
9871787
9872613
9875642
9875775
9876196
9876339
9876342
9876348
9876359
9876661
9876675
9876983
17171490
17171629
17172601
17174641
17174766
17174808
17175277
17175279
17175294
17175321
17175427
17175949
17175952
17176233
17176331
17176357
17176361
17176381
17176469
17176650
17177028
17178823
17179021
17179023
17179163
17179372
17179798
17180282
17180290
17180478
17180693
17181101
17181109
17181400
17181581
17181865
17182071
17182130
17182136
17182219
17182624
17182634
17182660
17183010
17183618
17183950
17184458
17184638
17184647
17184783
17184829
17185204
17185281
17185329
17185966
17186211
17186230
17186339
17186396
17186430
17186975
17187329
17188055
17188117
17188365
17188624
17188783
17188829
17188950
17189107
17189117
17189245
17189747
17189751
17189807
17190372
17190761
17190937
17191033
17191423
17192327
17192960
17193785
17194194
17194880
17194881
17195604
17196671
17196772
17198187
17198208
17198254
17198350
17198799
17198809
17198929
17199088
17199203
17199458
17199567
17199655
17199661
17200132
17200254
17200270
17200328
17201017
17201704
17201863
17201866
17201869
17201870
17202001
12107996
12108339
12108676
12109264
12109990
12109991
12110059
12110550
12111516
12111519
12112162
12113614
12114462
12114883
12115155
12115795
12116053
12116987
12117175
12117178
12117334
12117627
12117632
12117834
12118192
12118640
12118647
12118757
12119060
12119065
12119241
12119435
12120839
12120856
12120977
12121207
12121722
12121794
12122097
12122346
12123089
12123101
12123106
12124559
12126237
12126253
12126784
12127371
12127850
12127851
12127933
12128130
12128237
12130436
12130607
12130887
12130956
12130971
12131060
12131212
12131243
12131300
12131308
12131309
12131358
12131707
12131738
12132595
12132599
12133012
12133013
12133021
12133024
12133028
12133062
12133144
12134538
12134548
12134590
12134945
12134946
12135218
12135399
12135525
12135592
12135940
12136437
12137397
12137837
12138515
12138646
12139209
12139529
12139852
12139890
12140002
12140210
12140358
8040403
8041553
8042465
8043329
8044061
8047529
8048212
8048352
8048850
8048853
8048855
8048862
8049030
8051376
8051521
8051522
8051856
8053074
8053377
8053382
8053737
8054115
8054117
8054741
8055075
8056937
8058244
8058926
8058963
8059043
8059268
8062572
8062954
8064109
8064174
8064455
8064893
8065202
8068392
1407209
1411957
1412099
1414820
1415424
1415439
1416327
1419995
1420012
1422358
1424038
1426377
1430356
1430389
1433372
21133854
21133864
21134015
21134041
21134042
21134057
21134061
21134119
21134296
21134477
21134509
21134547
21134565
21134711
21134828
21135331
21135418
21135702
21135714
21136089
21136094
21136220
21136267
21138387
21138707
21138713
21138720
21138722
21138914
21139013
21139319
21140082
21140115
21140259
21140373
21140998
21141435
21142433
21142586
21143077
21143399
21143443
21143763
21143849
21143853
21144493
21144499
21144786
21144788
21144969
21145057
21145094
21145518
21145645
21145810
21146016
21146017
21146028
21146031
21146482
21147042
21147127
21148179
21148819
21149275
21149982
21150045
21150171
21150528
21150568
21150658
21150808
21151007
21152014
21152701
21153394
21153439
21153470
21154262
21154763
21155867
21155870
21156304
21156307
21156752
21157069
21157105
21157440
21158918
21159185
21159191
21159313
21159363
21159387
21159564
21160147
21160149
21160151
21160221
21160371
21161170
21161213
21161252
21161607
21161655
21161728
21161734
21161740
21161747
21161869
21162747
21163204
21163214
21163408
21163412
21163700
21164080
21164365
11948048
11950179
11950490
11951567
11952318
11952405
11952463
11952467
11952489
11952813
11952960
11953220
11953304
11953694
11953922
11954025
11954026
11954685
11955025
11955726
11955742
11955745
11955968
11956124
11956261
11956419
11956421
11956452
11956483
11956540
11957793
11958504
11958894
11958895
11959046
11960299
11960405
11961366
11961378
11961388
11961424
11961500
11961611
11961622
11961631
11961639
11964338
11964608
11964935
11964936
11965042
11965451
11965461
11966501
11966626
11967602
11969279
11969351
11971043
11971092
11971675
11971834
11972266
11972381
11972400
11972413
11972416
11973116
11973251
11973495
11973949
11974529
11975107
11975219
11975868
11976579
11977947
11978182
11978210
11978232
11978234
11978253
11978254
11978255
11978259
11978296
23684154
23684567
23685025
23685329
23685345
23685376
23685755
23685920
23686403
23686427
23686428
23686615
23687212
23688145
23688219
23688571
23688624
23688789
23688790
23689962
23689964
23690156
23690680
23690745
23690984
23691967
23691969
23692279
23692520
23692735
23694767
23695026
23695167
23695348
23695399
23695903
23696429
23697212
23697318
23697725
23697789
23697981
23698146
23698204
23698243
23698472
23699677
23700214
23700489
23701048
23701063
23701066
23701249
23701760
23701764
23701765
23701774
23701783
23702081
23702107
23702499
23702500
23702519
23702620
23702627
23702666
23702797
23702866
23702867
23703125
23703826
23704121
23704755
23704754
23705873
23705948
23705971
23706109
23706423
23706482
23706565
23706919
23707358
23707667
23708150
23708171
23708421
23708690
23708870
23708871
23709424
23709439
23709581
23709650
23710044
23710774
23710891
23711113
23711164
23711350
23711719
23711908
23712215
23712515
23712514
23712519
23712627
23712928
23713035
23713057
23713541
23713803
23713936
23713969
23714088
23714195
23714202
23714240
23714269
23714302
23715022
23715142
23715429
23716152
23716328
23716984
23717495
23717554
23717672
23717826
23718576
23718718
10421532
10421537
10421592
10421594
10421889
10422294
10422672
10422935
10423058
10423190
10423804
10424852
10424917
10425414
10425982
10426242
10426608
10426647
10426683
10426852
10426967
10427867
10428752
10429714
10429758
10429812
10429971
10430124
10430154
10430198
10430391
10430433
10431064
10431089
10432159
10433132
10433133
10434485
10435067
10435221
10435845
10436102
10436311
10436422
10437619
10437693
10437760
10437839
10438115
10438982
10439171
10439987
10440170
10440175
10440216
10440544
10440614
10440785
10440973
10440979
10442435
10442439
10442441
10442589
10442841
10442894
10443609
10443719
10443723
10443743
10444121
10444129
10445561
10445899
10446036
10446105
10447546
10447841
10447847
10448026
10448364
10448396
10448639
10448780
10448785
10448817
10449108
10449595
10449701
10449835
10449933
10450009
10450116
10450387
